# OpenSignals Text File Format
# {"20:16:07:18:15:11": {"sensor": ["EMGBITREV", "EMGBITREV"], "device name": "20:16:07:18:15:11", "column": ["nSeq", "I1", "I2", "O1", "O2", "A1", "A2"], "sync interval": 2, "time": "13:7:12.665", "comments": "", "device connection": "BTH20:16:07:18:15:11", "channels": [1, 2], "date": "2017-2-10", "mode": 0, "digital IO": [0, 0, 1, 1], "firmware version": 1281, "device": "bitalino_rev", "position": 0, "sampling rate": 100, "label": ["A1", "A2"], "resolution": [4, 1, 1, 1, 1, 10, 10], "special": [{}, {}]}}
# EndOfHeader
0	1	1	0	0	490	510	
1	1	1	0	0	541	508	
2	1	1	0	0	507	522	
3	1	1	0	0	528	499	
4	1	1	0	0	491	495	
5	1	1	0	0	525	521	
6	1	1	0	0	481	521	
7	1	1	0	0	525	527	
8	1	1	0	0	486	523	
9	1	1	0	0	530	499	
10	1	1	0	0	494	498	
11	1	1	0	0	538	500	
12	1	1	0	0	491	522	
13	1	1	0	0	523	513	
14	1	1	0	0	482	505	
15	1	1	0	0	527	503	
0	1	1	0	0	483	528	
1	1	1	0	0	536	516	
2	1	1	0	0	489	501	
3	1	1	0	0	533	495	
4	1	1	0	0	490	510	
5	1	1	0	0	523	508	
6	1	1	0	0	481	524	
7	1	1	0	0	529	505	
8	1	1	0	0	484	519	
9	1	1	0	0	529	510	
10	1	1	0	0	486	520	
11	1	1	0	0	532	500	
12	1	1	0	0	488	523	
13	1	1	0	0	527	514	
14	1	1	0	0	487	502	
15	1	1	0	0	535	489	
0	1	1	0	0	492	519	
1	1	1	0	0	529	524	
2	1	1	0	0	483	523	
3	1	1	0	0	526	499	
4	1	1	0	0	492	519	
5	1	1	0	0	527	511	
6	1	1	0	0	489	514	
7	1	1	0	0	526	498	
8	1	1	0	0	490	513	
9	1	1	0	0	525	499	
10	1	1	0	0	487	510	
11	1	1	0	0	524	504	
12	1	1	0	0	496	528	
13	1	1	0	0	527	498	
14	1	1	0	0	499	513	
15	1	1	0	0	523	500	
0	1	1	0	0	495	519	
1	1	1	0	0	520	499	
2	1	1	0	0	498	513	
3	1	1	0	0	519	513	
4	1	1	0	0	500	512	
5	1	1	0	0	521	488	
6	1	1	0	0	496	528	
7	1	1	0	0	529	503	
8	1	1	0	0	495	518	
9	1	1	0	0	525	509	
10	1	1	0	0	503	509	
11	1	1	0	0	529	506	
12	1	1	0	0	502	516	
13	1	1	0	0	520	507	
14	1	1	0	0	494	519	
15	1	1	0	0	521	497	
0	1	1	0	0	499	520	
1	1	1	0	0	522	508	
2	1	1	0	0	498	523	
3	1	1	0	0	526	498	
4	1	1	0	0	495	522	
5	1	1	0	0	518	507	
6	1	1	0	0	494	516	
7	1	1	0	0	517	490	
8	1	1	0	0	496	504	
9	1	1	0	0	527	512	
10	1	1	0	0	502	513	
11	1	1	0	0	522	496	
12	1	1	0	0	500	522	
13	1	1	0	0	525	503	
14	1	1	0	0	499	519	
15	1	1	0	0	515	498	
0	1	1	0	0	496	515	
1	1	1	0	0	515	501	
2	1	1	0	0	503	521	
3	1	1	0	0	521	503	
4	1	1	0	0	502	511	
5	1	1	0	0	521	495	
6	1	1	0	0	503	521	
7	1	1	0	0	520	507	
8	1	1	0	0	498	520	
9	1	1	0	0	519	503	
10	1	1	0	0	501	515	
11	1	1	0	0	524	495	
12	1	1	0	0	502	521	
13	1	1	0	0	527	484	
14	1	1	0	0	504	523	
15	1	1	0	0	520	498	
0	1	1	0	0	500	507	
1	1	1	0	0	519	506	
2	1	1	0	0	503	511	
3	1	1	0	0	519	497	
4	1	1	0	0	504	529	
5	1	1	0	0	523	492	
6	1	1	0	0	505	505	
7	1	1	0	0	515	482	
8	1	1	0	0	500	526	
9	1	1	0	0	520	492	
10	1	1	0	0	504	513	
11	1	1	0	0	522	487	
12	1	1	0	0	504	531	
13	1	1	0	0	521	488	
14	1	1	0	0	508	521	
15	1	1	0	0	515	505	
0	1	1	0	0	504	521	
1	1	1	0	0	518	499	
2	1	1	0	0	504	536	
3	1	1	0	0	516	497	
4	1	1	0	0	507	522	
5	1	1	0	0	518	494	
6	1	1	0	0	507	513	
7	1	1	0	0	517	487	
8	1	1	0	0	513	525	
9	1	1	0	0	518	496	
10	1	1	0	0	509	541	
11	1	1	0	0	510	484	
12	1	1	0	0	504	511	
13	1	1	0	0	517	512	
14	1	1	0	0	509	506	
15	1	1	0	0	513	497	
0	1	1	0	0	508	524	
1	1	1	0	0	522	502	
2	1	1	0	0	509	527	
3	1	1	0	0	512	496	
4	1	1	0	0	501	517	
5	1	1	0	0	509	498	
6	1	1	0	0	511	524	
7	1	1	0	0	515	480	
8	1	1	0	0	502	534	
9	1	1	0	0	507	485	
10	1	1	0	0	506	513	
11	1	1	0	0	512	488	
12	1	1	0	0	506	529	
13	1	1	0	0	511	495	
14	1	1	0	0	507	524	
15	1	1	0	0	514	489	
0	1	1	0	0	507	518	
1	1	1	0	0	512	489	
2	1	1	0	0	507	513	
3	1	1	0	0	515	485	
4	1	1	0	0	504	519	
5	1	1	0	0	511	478	
6	1	1	0	0	509	524	
7	1	1	0	0	511	497	
8	1	1	0	0	512	515	
9	1	1	0	0	512	503	
10	1	1	0	0	505	521	
11	1	1	0	0	510	492	
12	1	1	0	0	504	524	
13	1	1	0	0	515	490	
14	1	1	0	0	511	529	
15	1	1	0	0	514	488	
0	1	1	0	0	508	516	
1	1	1	0	0	512	511	
2	1	1	0	0	511	518	
3	1	1	0	0	503	495	
4	1	1	0	0	513	505	
5	1	1	0	0	512	489	
6	1	1	0	0	512	514	
7	1	1	0	0	506	489	
8	1	1	0	0	513	527	
9	1	1	0	0	510	487	
10	1	1	0	0	513	513	
11	1	1	0	0	510	488	
12	1	1	0	0	510	511	
13	1	1	0	0	505	488	
14	1	1	0	0	516	522	
15	1	1	0	0	511	481	
0	1	1	0	0	516	520	
1	1	1	0	0	502	490	
2	1	1	0	0	515	524	
3	1	1	0	0	507	483	
4	1	1	0	0	511	530	
5	1	1	0	0	503	493	
6	1	1	0	0	517	523	
7	1	1	0	0	505	495	
8	1	1	0	0	521	508	
9	1	1	0	0	507	488	
10	1	1	0	0	518	513	
11	1	1	0	0	506	490	
12	1	1	0	0	519	510	
13	1	1	0	0	508	488	
14	1	1	0	0	515	524	
15	1	1	0	0	507	498	
0	1	1	0	0	518	515	
1	1	1	0	0	504	485	
2	1	1	0	0	512	528	
3	1	1	0	0	510	480	
4	1	1	0	0	518	509	
5	1	1	0	0	502	492	
6	1	1	0	0	518	513	
7	1	1	0	0	504	484	
8	1	1	0	0	519	520	
9	1	1	0	0	501	478	
10	1	1	0	0	514	520	
11	1	1	0	0	505	497	
12	1	1	0	0	513	517	
13	1	1	0	0	506	491	
14	1	1	0	0	520	507	
15	1	1	0	0	504	494	
0	1	1	0	0	519	521	
1	1	1	0	0	504	482	
2	1	1	0	0	519	515	
3	1	1	0	0	504	488	
4	1	1	0	0	519	518	
5	1	1	0	0	503	492	
6	1	1	0	0	521	520	
7	1	1	0	0	503	490	
8	1	1	0	0	518	521	
9	1	1	0	0	502	485	
10	1	1	0	0	524	509	
11	1	1	0	0	501	483	
12	1	1	0	0	521	527	
13	1	1	0	0	501	487	
14	1	1	0	0	522	507	
15	1	1	0	0	501	488	
0	1	1	0	0	519	527	
1	1	1	0	0	498	495	
2	1	1	0	0	518	507	
3	1	1	0	0	502	485	
4	1	1	0	0	521	512	
5	1	1	0	0	499	491	
6	1	1	0	0	522	520	
7	1	1	0	0	499	493	
8	1	1	0	0	524	517	
9	1	1	0	0	498	492	
10	1	1	0	0	522	515	
11	1	1	0	0	502	481	
12	1	1	0	0	521	523	
13	1	1	0	0	496	484	
14	1	1	0	0	525	519	
15	1	1	0	0	496	494	
0	1	1	0	0	524	515	
1	1	1	0	0	500	489	
2	1	1	0	0	519	516	
3	1	1	0	0	493	484	
4	1	1	0	0	523	524	
5	1	1	0	0	499	499	
6	1	1	0	0	521	502	
7	1	1	0	0	500	490	
8	1	1	0	0	525	519	
9	1	1	0	0	499	485	
10	1	1	0	0	526	505	
11	1	1	0	0	498	486	
12	1	1	0	0	524	519	
13	1	1	0	0	496	474	
14	1	1	0	0	524	523	
15	1	1	0	0	496	492	
0	1	1	0	0	527	512	
1	1	1	0	0	496	486	
2	1	1	0	0	525	512	
3	1	1	0	0	493	489	
4	1	1	0	0	527	515	
5	1	1	0	0	487	494	
6	1	1	0	0	526	509	
7	1	1	0	0	492	481	
8	1	1	0	0	527	514	
9	1	1	0	0	492	489	
10	1	1	0	0	518	505	
11	1	1	0	0	493	486	
12	1	1	0	0	520	510	
13	1	1	0	0	499	489	
14	1	1	0	0	521	511	
15	1	1	0	0	495	502	
0	1	1	0	0	528	514	
1	1	1	0	0	495	496	
2	1	1	0	0	519	517	
3	1	1	0	0	477	514	
4	1	1	0	0	531	513	
5	1	1	0	0	486	486	
6	1	1	0	0	524	503	
7	1	1	0	0	492	495	
8	1	1	0	0	498	512	
9	1	1	0	0	490	518	
10	1	1	0	0	550	513	
11	1	1	0	0	489	516	
12	1	1	0	0	502	595	
13	1	1	0	0	460	583	
14	1	1	0	0	516	615	
15	1	1	0	0	482	421	
0	1	1	0	0	524	448	
1	1	1	0	0	489	408	
2	1	1	0	0	503	530	
3	1	1	0	0	487	411	
4	1	1	0	0	489	518	
5	1	1	0	0	466	610	
6	1	1	0	0	536	602	
7	1	1	0	0	511	501	
8	1	1	0	0	609	519	
9	1	1	0	0	486	565	
10	1	1	0	0	524	528	
11	1	1	0	0	425	502	
12	1	1	0	0	513	569	
13	1	1	0	0	523	463	
14	1	1	0	0	575	462	
15	1	1	0	0	527	482	
0	1	1	0	0	499	502	
1	1	1	0	0	464	447	
2	1	1	0	0	524	545	
3	1	1	0	0	520	468	
4	1	1	0	0	531	437	
5	1	1	0	0	511	441	
6	1	1	0	0	558	413	
7	1	1	0	0	496	452	
8	1	1	0	0	528	476	
9	1	1	0	0	464	507	
10	1	1	0	0	516	506	
11	1	1	0	0	481	535	
12	1	1	0	0	534	477	
13	1	1	0	0	452	512	
14	1	1	0	0	549	509	
15	1	1	0	0	482	529	
0	1	1	0	0	524	478	
1	1	1	0	0	495	500	
2	1	1	0	0	532	497	
3	1	1	0	0	456	506	
4	1	1	0	0	531	501	
5	1	1	0	0	476	510	
6	1	1	0	0	545	516	
7	1	1	0	0	480	513	
8	1	1	0	0	536	515	
9	1	1	0	0	472	529	
10	1	1	0	0	537	498	
11	1	1	0	0	462	480	
12	1	1	0	0	545	486	
13	1	1	0	0	467	518	
14	1	1	0	0	552	546	
15	1	1	0	0	486	496	
0	1	1	0	0	540	511	
1	1	1	0	0	495	534	
2	1	1	0	0	542	492	
3	1	1	0	0	459	498	
4	1	1	0	0	548	479	
5	1	1	0	0	476	518	
6	1	1	0	0	551	521	
7	1	1	0	0	472	537	
8	1	1	0	0	529	517	
9	1	1	0	0	475	530	
10	1	1	0	0	524	483	
11	1	1	0	0	471	532	
12	1	1	0	0	534	494	
13	1	1	0	0	483	534	
14	1	1	0	0	551	488	
15	1	1	0	0	457	508	
0	1	1	0	0	534	486	
1	1	1	0	0	516	519	
2	1	1	0	0	540	493	
3	1	1	0	0	462	528	
4	1	1	0	0	524	508	
5	1	1	0	0	492	504	
6	1	1	0	0	541	500	
7	1	1	0	0	475	537	
8	1	1	0	0	559	510	
9	1	1	0	0	474	512	
10	1	1	0	0	547	518	
11	1	1	0	0	462	530	
12	1	1	0	0	524	472	
13	1	1	0	0	475	503	
14	1	1	0	0	543	515	
15	1	1	0	0	459	517	
0	1	1	0	0	524	508	
1	1	1	0	0	461	536	
2	1	1	0	0	531	500	
3	1	1	0	0	486	503	
4	1	1	0	0	551	488	
5	1	1	0	0	467	494	
6	1	1	0	0	536	478	
7	1	1	0	0	455	537	
8	1	1	0	0	528	477	
9	1	1	0	0	488	505	
10	1	1	0	0	530	494	
11	1	1	0	0	489	498	
12	1	1	0	0	536	528	
13	1	1	0	0	476	459	
14	1	1	0	0	524	480	
15	1	1	0	0	489	478	
0	1	1	0	0	537	497	
1	1	1	0	0	471	543	
2	1	1	0	0	553	505	
3	1	1	0	0	471	487	
4	1	1	0	0	573	467	
5	1	1	0	0	456	529	
6	1	1	0	0	532	529	
7	1	1	0	0	488	519	
8	1	1	0	0	486	504	
9	1	1	0	0	462	520	
10	1	1	0	0	521	507	
11	1	1	0	0	472	512	
12	1	1	0	0	522	545	
13	1	1	0	0	473	528	
14	1	1	0	0	561	485	
15	1	1	0	0	452	486	
0	1	1	0	0	524	534	
1	1	1	0	0	481	522	
2	1	1	0	0	549	532	
3	1	1	0	0	486	516	
4	1	1	0	0	538	487	
5	1	1	0	0	472	480	
6	1	1	0	0	529	518	
7	1	1	0	0	460	507	
8	1	1	0	0	539	548	
9	1	1	0	0	473	524	
10	1	1	0	0	558	496	
11	1	1	0	0	473	508	
12	1	1	0	0	547	531	
13	1	1	0	0	463	489	
14	1	1	0	0	543	519	
15	1	1	0	0	463	495	
0	1	1	0	0	540	525	
1	1	1	0	0	474	504	
2	1	1	0	0	553	525	
3	1	1	0	0	475	487	
4	1	1	0	0	536	531	
5	1	1	0	0	449	507	
6	1	1	0	0	551	526	
7	1	1	0	0	483	504	
8	1	1	0	0	547	522	
9	1	1	0	0	468	512	
10	1	1	0	0	539	512	
11	1	1	0	0	468	498	
12	1	1	0	0	546	523	
13	1	1	0	0	474	500	
14	1	1	0	0	548	527	
15	1	1	0	0	465	484	
0	1	1	0	0	535	524	
1	1	1	0	0	461	498	
2	1	1	0	0	544	515	
3	1	1	0	0	465	501	
4	1	1	0	0	557	519	
5	1	1	0	0	461	495	
6	1	1	0	0	533	515	
7	1	1	0	0	472	493	
8	1	1	0	0	534	516	
9	1	1	0	0	474	502	
10	1	1	0	0	541	514	
11	1	1	0	0	474	500	
12	1	1	0	0	540	523	
13	1	1	0	0	479	509	
14	1	1	0	0	523	525	
15	1	1	0	0	465	486	
0	1	1	0	0	556	516	
1	1	1	0	0	473	519	
2	1	1	0	0	541	517	
3	1	1	0	0	468	512	
4	1	1	0	0	535	509	
5	1	1	0	0	478	500	
6	1	1	0	0	543	520	
7	1	1	0	0	470	509	
8	1	1	0	0	544	526	
9	1	1	0	0	468	493	
10	1	1	0	0	534	514	
11	1	1	0	0	476	502	
12	1	1	0	0	548	521	
13	1	1	0	0	479	509	
14	1	1	0	0	539	522	
15	1	1	0	0	471	500	
0	1	1	0	0	541	524	
1	1	1	0	0	471	500	
2	1	1	0	0	531	521	
3	1	1	0	0	472	497	
4	1	1	0	0	545	509	
5	1	1	0	0	483	511	
6	1	1	0	0	533	516	
7	1	1	0	0	472	511	
8	1	1	0	0	543	519	
9	1	1	0	0	475	506	
10	1	1	0	0	540	510	
11	1	1	0	0	474	511	
12	1	1	0	0	537	524	
13	1	1	0	0	480	518	
14	1	1	0	0	535	509	
15	1	1	0	0	480	505	
0	1	1	0	0	538	514	
1	1	1	0	0	483	506	
2	1	1	0	0	535	511	
3	1	1	0	0	473	497	
4	1	1	0	0	534	522	
5	1	1	0	0	477	499	
6	1	1	0	0	535	521	
7	1	1	0	0	482	520	
8	1	1	0	0	535	508	
9	1	1	0	0	476	513	
10	1	1	0	0	537	522	
11	1	1	0	0	478	505	
12	1	1	0	0	532	507	
13	1	1	0	0	481	511	
14	1	1	0	0	545	523	
15	1	1	0	0	476	513	
0	1	1	0	0	531	524	
1	1	1	0	0	481	507	
2	1	1	0	0	540	522	
3	1	1	0	0	477	515	
4	1	1	0	0	532	519	
5	1	1	0	0	487	508	
6	1	1	0	0	531	508	
7	1	1	0	0	480	519	
8	1	1	0	0	531	507	
9	1	1	0	0	479	513	
10	1	1	0	0	536	505	
11	1	1	0	0	489	505	
12	1	1	0	0	529	524	
13	1	1	0	0	482	502	
14	1	1	0	0	531	510	
15	1	1	0	0	472	516	
0	1	1	0	0	534	527	
1	1	1	0	0	475	521	
2	1	1	0	0	539	533	
3	1	1	0	0	482	505	
4	1	1	0	0	526	519	
5	1	1	0	0	480	519	
6	1	1	0	0	527	530	
7	1	1	0	0	478	529	
8	1	1	0	0	517	524	
9	1	1	0	0	502	513	
10	1	1	0	0	534	496	
11	1	1	0	0	460	535	
12	1	1	0	0	531	551	
13	1	1	0	0	464	512	
14	1	1	0	0	514	531	
15	1	1	0	0	487	473	
0	1	1	0	0	510	535	
1	1	1	0	0	451	586	
2	1	1	0	0	524	579	
3	1	1	0	0	462	554	
4	1	1	0	0	529	473	
5	1	1	0	0	478	453	
6	1	1	0	0	553	546	
7	1	1	0	0	480	598	
8	1	1	0	0	583	511	
9	1	1	0	0	520	483	
10	1	1	0	0	587	460	
11	1	1	0	0	483	492	
12	1	1	0	0	550	502	
13	1	1	0	0	494	524	
14	1	1	0	0	542	515	
15	1	1	0	0	504	521	
0	1	1	0	0	546	535	
1	1	1	0	0	505	584	
2	1	1	0	0	521	489	
3	1	1	0	0	468	400	
4	1	1	0	0	543	374	
5	1	1	0	0	471	496	
6	1	1	0	0	548	460	
7	1	1	0	0	464	511	
8	1	1	0	0	535	466	
9	1	1	0	0	455	608	
10	1	1	0	0	536	500	
11	1	1	0	0	464	579	
12	1	1	0	0	531	482	
13	1	1	0	0	471	504	
14	1	1	0	0	556	457	
15	1	1	0	0	477	493	
0	1	1	0	0	534	457	
1	1	1	0	0	484	535	
2	1	1	0	0	536	502	
3	1	1	0	0	489	500	
4	1	1	0	0	535	523	
5	1	1	0	0	473	529	
6	1	1	0	0	537	501	
7	1	1	0	0	508	560	
8	1	1	0	0	558	509	
9	1	1	0	0	469	546	
10	1	1	0	0	528	476	
11	1	1	0	0	468	536	
12	1	1	0	0	540	510	
13	1	1	0	0	476	514	
14	1	1	0	0	540	480	
15	1	1	0	0	488	535	
0	1	1	0	0	534	511	
1	1	1	0	0	481	536	
2	1	1	0	0	542	489	
3	1	1	0	0	482	548	
4	1	1	0	0	539	476	
5	1	1	0	0	461	542	
6	1	1	0	0	527	507	
7	1	1	0	0	493	519	
8	1	1	0	0	551	482	
9	1	1	0	0	481	530	
10	1	1	0	0	538	491	
11	1	1	0	0	459	531	
12	1	1	0	0	529	493	
13	1	1	0	0	479	544	
14	1	1	0	0	536	486	
15	1	1	0	0	473	519	
0	1	1	0	0	552	480	
1	1	1	0	0	488	507	
2	1	1	0	0	546	496	
3	1	1	0	0	473	528	
4	1	1	0	0	536	493	
5	1	1	0	0	483	528	
6	1	1	0	0	529	497	
7	1	1	0	0	480	531	
8	1	1	0	0	542	497	
9	1	1	0	0	476	538	
10	1	1	0	0	539	502	
11	1	1	0	0	493	533	
12	1	1	0	0	527	500	
13	1	1	0	0	480	524	
14	1	1	0	0	532	481	
15	1	1	0	0	471	527	
0	1	1	0	0	551	507	
1	1	1	0	0	478	548	
2	1	1	0	0	534	489	
3	1	1	0	0	485	531	
4	1	1	0	0	550	492	
5	1	1	0	0	486	524	
6	1	1	0	0	536	500	
7	1	1	0	0	486	539	
8	1	1	0	0	521	492	
9	1	1	0	0	476	524	
10	1	1	0	0	524	487	
11	1	1	0	0	460	521	
12	1	1	0	0	540	503	
13	1	1	0	0	476	532	
14	1	1	0	0	534	502	
15	1	1	0	0	484	518	
0	1	1	0	0	524	494	
1	1	1	0	0	488	537	
2	1	1	0	0	523	495	
3	1	1	0	0	503	519	
4	1	1	0	0	535	488	
5	1	1	0	0	482	527	
6	1	1	0	0	531	504	
7	1	1	0	0	480	537	
8	1	1	0	0	521	493	
9	1	1	0	0	502	527	
10	1	1	0	0	518	494	
11	1	1	0	0	487	535	
12	1	1	0	0	529	489	
13	1	1	0	0	479	518	
14	1	1	0	0	522	510	
15	1	1	0	0	484	551	
0	1	1	0	0	525	493	
1	1	1	0	0	501	527	
2	1	1	0	0	523	492	
3	1	1	0	0	488	512	
4	1	1	0	0	540	479	
5	1	1	0	0	480	528	
6	1	1	0	0	536	494	
7	1	1	0	0	500	552	
8	1	1	0	0	520	506	
9	1	1	0	0	503	526	
10	1	1	0	0	531	475	
11	1	1	0	0	495	527	
12	1	1	0	0	529	482	
13	1	1	0	0	486	531	
14	1	1	0	0	522	482	
15	1	1	0	0	496	527	
0	1	1	0	0	521	480	
1	1	1	0	0	483	530	
2	1	1	0	0	530	483	
3	1	1	0	0	495	516	
4	1	1	0	0	533	477	
5	1	1	0	0	483	539	
6	1	1	0	0	519	480	
7	1	1	0	0	496	541	
8	1	1	0	0	550	464	
9	1	1	0	0	509	499	
10	1	1	0	0	520	491	
11	1	1	0	0	488	534	
12	1	1	0	0	538	481	
13	1	1	0	0	495	533	
14	1	1	0	0	517	476	
15	1	1	0	0	493	529	
0	1	1	0	0	515	492	
1	1	1	0	0	511	519	
2	1	1	0	0	495	466	
3	1	1	0	0	519	539	
4	1	1	0	0	526	470	
5	1	1	0	0	508	520	
6	1	1	0	0	534	479	
7	1	1	0	0	502	519	
8	1	1	0	0	537	469	
9	1	1	0	0	502	537	
10	1	1	0	0	538	486	
11	1	1	0	0	513	523	
12	1	1	0	0	516	478	
13	1	1	0	0	518	524	
14	1	1	0	0	519	478	
15	1	1	0	0	511	528	
0	1	1	0	0	541	478	
1	1	1	0	0	511	528	
2	1	1	0	0	528	492	
3	1	1	0	0	501	510	
4	1	1	0	0	512	460	
5	1	1	0	0	497	526	
6	1	1	0	0	529	491	
7	1	1	0	0	493	507	
8	1	1	0	0	518	461	
9	1	1	0	0	506	540	
10	1	1	0	0	512	467	
11	1	1	0	0	508	533	
12	1	1	0	0	510	452	
13	1	1	0	0	492	516	
14	1	1	0	0	527	480	
15	1	1	0	0	503	536	
0	1	1	0	0	516	484	
1	1	1	0	0	502	532	
2	1	1	0	0	508	474	
3	1	1	0	0	512	527	
4	1	1	0	0	513	478	
5	1	1	0	0	503	521	
6	1	1	0	0	536	467	
7	1	1	0	0	499	527	
8	1	1	0	0	511	472	
9	1	1	0	0	523	541	
10	1	1	0	0	536	475	
11	1	1	0	0	512	539	
12	1	1	0	0	529	496	
13	1	1	0	0	490	516	
14	1	1	0	0	529	473	
15	1	1	0	0	507	534	
0	1	1	0	0	535	459	
1	1	1	0	0	496	527	
2	1	1	0	0	512	471	
3	1	1	0	0	551	533	
4	1	1	0	0	526	496	
5	1	1	0	0	492	539	
6	1	1	0	0	514	477	
7	1	1	0	0	491	520	
8	1	1	0	0	505	463	
9	1	1	0	0	515	497	
10	1	1	0	0	507	488	
11	1	1	0	0	508	558	
12	1	1	0	0	513	472	
13	1	1	0	0	499	515	
14	1	1	0	0	534	486	
15	1	1	0	0	483	519	
0	1	1	0	0	528	451	
1	1	1	0	0	493	533	
2	1	1	0	0	535	468	
3	1	1	0	0	506	530	
4	1	1	0	0	526	461	
5	1	1	0	0	502	526	
6	1	1	0	0	514	500	
7	1	1	0	0	503	558	
8	1	1	0	0	536	506	
9	1	1	0	0	521	448	
10	1	1	0	0	513	376	
11	1	1	0	0	505	478	
12	1	1	0	0	528	527	
13	1	1	0	0	518	577	
14	1	1	0	0	515	473	
15	1	1	0	0	504	497	
0	1	1	0	0	505	477	
1	1	1	0	0	525	504	
2	1	1	0	0	555	473	
3	1	1	0	0	497	493	
4	1	1	0	0	532	505	
5	1	1	0	0	513	542	
6	1	1	0	0	484	461	
7	1	1	0	0	505	461	
8	1	1	0	0	517	451	
9	1	1	0	0	508	537	
10	1	1	0	0	515	477	
11	1	1	0	0	483	527	
12	1	1	0	0	497	502	
13	1	1	0	0	531	485	
14	1	1	0	0	523	478	
15	1	1	0	0	508	514	
0	1	1	0	0	505	489	
1	1	1	0	0	519	521	
2	1	1	0	0	509	488	
3	1	1	0	0	478	491	
4	1	1	0	0	508	511	
5	1	1	0	0	524	546	
6	1	1	0	0	508	496	
7	1	1	0	0	529	531	
8	1	1	0	0	475	487	
9	1	1	0	0	519	506	
10	1	1	0	0	515	479	
11	1	1	0	0	497	543	
12	1	1	0	0	502	487	
13	1	1	0	0	527	521	
14	1	1	0	0	499	495	
15	1	1	0	0	519	502	
0	1	1	0	0	504	478	
1	1	1	0	0	521	524	
2	1	1	0	0	512	495	
3	1	1	0	0	522	531	
4	1	1	0	0	515	500	
5	1	1	0	0	509	509	
6	1	1	0	0	513	480	
7	1	1	0	0	512	516	
8	1	1	0	0	502	501	
9	1	1	0	0	529	511	
10	1	1	0	0	508	492	
11	1	1	0	0	515	513	
12	1	1	0	0	504	521	
13	1	1	0	0	532	519	
14	1	1	0	0	499	492	
15	1	1	0	0	528	501	
0	1	1	0	0	504	497	
1	1	1	0	0	525	514	
2	1	1	0	0	501	493	
3	1	1	0	0	530	507	
4	1	1	0	0	503	486	
5	1	1	0	0	530	515	
6	1	1	0	0	503	492	
7	1	1	0	0	523	514	
8	1	1	0	0	502	489	
9	1	1	0	0	533	508	
10	1	1	0	0	504	489	
11	1	1	0	0	515	518	
12	1	1	0	0	499	498	
13	1	1	0	0	518	516	
14	1	1	0	0	506	498	
15	1	1	0	0	527	521	
0	1	1	0	0	498	482	
1	1	1	0	0	520	523	
2	1	1	0	0	496	475	
3	1	1	0	0	526	515	
4	1	1	0	0	498	505	
5	1	1	0	0	518	509	
6	1	1	0	0	496	491	
7	1	1	0	0	530	508	
8	1	1	0	0	509	489	
9	1	1	0	0	524	511	
10	1	1	0	0	490	497	
11	1	1	0	0	523	512	
12	1	1	0	0	495	499	
13	1	1	0	0	528	514	
14	1	1	0	0	506	474	
15	1	1	0	0	524	498	
0	1	1	0	0	478	485	
1	1	1	0	0	525	510	
2	1	1	0	0	497	493	
3	1	1	0	0	523	512	
4	1	1	0	0	492	494	
5	1	1	0	0	529	518	
6	1	1	0	0	486	491	
7	1	1	0	0	529	515	
8	1	1	0	0	491	489	
9	1	1	0	0	523	508	
10	1	1	0	0	494	507	
11	1	1	0	0	537	510	
12	1	1	0	0	500	485	
13	1	1	0	0	525	508	
14	1	1	0	0	487	492	
15	1	1	0	0	521	507	
0	1	1	0	0	489	503	
1	1	1	0	0	523	511	
2	1	1	0	0	495	492	
3	1	1	0	0	533	513	
4	1	1	0	0	492	490	
5	1	1	0	0	535	508	
6	1	1	0	0	481	486	
7	1	1	0	0	529	513	
8	1	1	0	0	489	499	
9	1	1	0	0	529	498	
10	1	1	0	0	497	493	
11	1	1	0	0	529	524	
12	1	1	0	0	492	488	
13	1	1	0	0	527	513	
14	1	1	0	0	493	491	
15	1	1	0	0	534	509	
0	1	1	0	0	489	497	
1	1	1	0	0	528	512	
2	1	1	0	0	486	484	
3	1	1	0	0	529	515	
4	1	1	0	0	484	495	
5	1	1	0	0	536	501	
6	1	1	0	0	493	494	
7	1	1	0	0	530	517	
8	1	1	0	0	486	493	
9	1	1	0	0	531	501	
10	1	1	0	0	482	494	
11	1	1	0	0	538	508	
12	1	1	0	0	481	486	
13	1	1	0	0	532	514	
14	1	1	0	0	487	489	
15	1	1	0	0	540	499	
0	1	1	0	0	483	482	
1	1	1	0	0	527	513	
2	1	1	0	0	487	496	
3	1	1	0	0	531	513	
4	1	1	0	0	485	479	
5	1	1	0	0	527	519	
6	1	1	0	0	486	499	
7	1	1	0	0	530	530	
8	1	1	0	0	486	487	
9	1	1	0	0	529	516	
10	1	1	0	0	484	476	
11	1	1	0	0	524	509	
12	1	1	0	0	482	483	
13	1	1	0	0	531	511	
14	1	1	0	0	489	499	
15	1	1	0	0	540	517	
0	1	1	0	0	478	490	
1	1	1	0	0	543	526	
2	1	1	0	0	485	486	
3	1	1	0	0	539	508	
4	1	1	0	0	476	484	
5	1	1	0	0	528	520	
6	1	1	0	0	483	497	
7	1	1	0	0	537	527	
8	1	1	0	0	477	487	
9	1	1	0	0	528	540	
10	1	1	0	0	481	491	
11	1	1	0	0	539	500	
12	1	1	0	0	478	486	
13	1	1	0	0	536	510	
14	1	1	0	0	483	499	
15	1	1	0	0	534	524	
0	1	1	0	0	483	495	
1	1	1	0	0	533	516	
2	1	1	0	0	478	492	
3	1	1	0	0	539	521	
4	1	1	0	0	480	483	
5	1	1	0	0	536	509	
6	1	1	0	0	476	484	
7	1	1	0	0	535	516	
8	1	1	0	0	480	498	
9	1	1	0	0	524	516	
10	1	1	0	0	478	502	
11	1	1	0	0	541	508	
12	1	1	0	0	487	502	
13	1	1	0	0	529	520	
14	1	1	0	0	485	485	
15	1	1	0	0	539	519	
0	1	1	0	0	477	498	
1	1	1	0	0	537	501	
2	1	1	0	0	484	491	
3	1	1	0	0	534	522	
4	1	1	0	0	479	495	
5	1	1	0	0	535	518	
6	1	1	0	0	471	496	
7	1	1	0	0	531	525	
8	1	1	0	0	490	491	
9	1	1	0	0	532	512	
10	1	1	0	0	480	496	
11	1	1	0	0	527	502	
12	1	1	0	0	478	502	
13	1	1	0	0	534	516	
14	1	1	0	0	484	499	
15	1	1	0	0	541	527	
0	1	1	0	0	475	503	
1	1	1	0	0	540	507	
2	1	1	0	0	472	499	
3	1	1	0	0	532	530	
4	1	1	0	0	479	493	
5	1	1	0	0	535	501	
6	1	1	0	0	483	508	
7	1	1	0	0	531	514	
8	1	1	0	0	487	501	
9	1	1	0	0	527	511	
10	1	1	0	0	486	484	
11	1	1	0	0	541	515	
12	1	1	0	0	481	507	
13	1	1	0	0	534	520	
14	1	1	0	0	476	498	
15	1	1	0	0	536	513	
0	1	1	0	0	480	490	
1	1	1	0	0	535	508	
2	1	1	0	0	483	492	
3	1	1	0	0	530	524	
4	1	1	0	0	485	500	
5	1	1	0	0	535	511	
6	1	1	0	0	478	514	
7	1	1	0	0	543	524	
8	1	1	0	0	477	506	
9	1	1	0	0	531	504	
10	1	1	0	0	474	480	
11	1	1	0	0	536	522	
12	1	1	0	0	479	484	
13	1	1	0	0	531	492	
14	1	1	0	0	486	520	
15	1	1	0	0	529	514	
0	1	1	0	0	488	500	
1	1	1	0	0	533	513	
2	1	1	0	0	484	509	
3	1	1	0	0	528	524	
4	1	1	0	0	481	537	
5	1	1	0	0	519	572	
6	1	1	0	0	485	553	
7	1	1	0	0	536	531	
8	1	1	0	0	463	461	
9	1	1	0	0	550	508	
10	1	1	0	0	454	611	
11	1	1	0	0	516	583	
12	1	1	0	0	445	594	
13	1	1	0	0	494	529	
14	1	1	0	0	471	579	
15	1	1	0	0	558	499	
0	1	1	0	0	444	529	
1	1	1	0	0	536	525	
2	1	1	0	0	488	483	
3	1	1	0	0	550	422	
4	1	1	0	0	458	508	
5	1	1	0	0	555	471	
6	1	1	0	0	525	545	
7	1	1	0	0	588	387	
8	1	1	0	0	559	431	
9	1	1	0	0	584	425	
10	1	1	0	0	467	529	
11	1	1	0	0	558	482	
12	1	1	0	0	407	474	
13	1	1	0	0	509	553	
14	1	1	0	0	482	543	
15	1	1	0	0	557	501	
0	1	1	0	0	476	498	
1	1	1	0	0	534	438	
2	1	1	0	0	489	419	
3	1	1	0	0	565	442	
4	1	1	0	0	449	547	
5	1	1	0	0	537	521	
6	1	1	0	0	451	548	
7	1	1	0	0	555	468	
8	1	1	0	0	448	561	
9	1	1	0	0	561	487	
10	1	1	0	0	492	526	
11	1	1	0	0	537	489	
12	1	1	0	0	467	539	
13	1	1	0	0	545	515	
14	1	1	0	0	472	553	
15	1	1	0	0	531	520	
0	1	1	0	0	468	523	
1	1	1	0	0	538	478	
2	1	1	0	0	457	524	
3	1	1	0	0	547	493	
4	1	1	0	0	458	515	
5	1	1	0	0	534	527	
6	1	1	0	0	486	533	
7	1	1	0	0	552	514	
8	1	1	0	0	445	552	
9	1	1	0	0	518	487	
10	1	1	0	0	459	538	
11	1	1	0	0	543	511	
12	1	1	0	0	482	524	
13	1	1	0	0	525	494	
14	1	1	0	0	480	535	
15	1	1	0	0	545	499	
0	1	1	0	0	441	536	
1	1	1	0	0	553	503	
2	1	1	0	0	451	558	
3	1	1	0	0	557	499	
4	1	1	0	0	468	520	
5	1	1	0	0	556	491	
6	1	1	0	0	459	535	
7	1	1	0	0	537	481	
8	1	1	0	0	477	529	
9	1	1	0	0	525	509	
10	1	1	0	0	452	568	
11	1	1	0	0	556	497	
12	1	1	0	0	462	520	
13	1	1	0	0	554	500	
14	1	1	0	0	453	530	
15	1	1	0	0	550	494	
0	1	1	0	0	454	546	
1	1	1	0	0	533	505	
2	1	1	0	0	471	548	
3	1	1	0	0	532	498	
4	1	1	0	0	472	547	
5	1	1	0	0	566	480	
6	1	1	0	0	450	543	
7	1	1	0	0	546	488	
8	1	1	0	0	448	543	
9	1	1	0	0	545	489	
10	1	1	0	0	472	542	
11	1	1	0	0	548	495	
12	1	1	0	0	471	547	
13	1	1	0	0	538	496	
14	1	1	0	0	462	537	
15	1	1	0	0	564	481	
0	1	1	0	0	473	545	
1	1	1	0	0	551	481	
2	1	1	0	0	455	540	
3	1	1	0	0	538	510	
4	1	1	0	0	469	544	
5	1	1	0	0	541	501	
6	1	1	0	0	466	552	
7	1	1	0	0	556	494	
8	1	1	0	0	470	543	
9	1	1	0	0	543	481	
10	1	1	0	0	437	554	
11	1	1	0	0	534	475	
12	1	1	0	0	466	553	
13	1	1	0	0	536	510	
14	1	1	0	0	470	554	
15	1	1	0	0	529	485	
0	1	1	0	0	467	532	
1	1	1	0	0	540	491	
2	1	1	0	0	468	551	
3	1	1	0	0	528	495	
4	1	1	0	0	456	536	
5	1	1	0	0	551	489	
6	1	1	0	0	475	556	
7	1	1	0	0	537	498	
8	1	1	0	0	461	566	
9	1	1	0	0	547	480	
10	1	1	0	0	459	547	
11	1	1	0	0	553	492	
12	1	1	0	0	465	543	
13	1	1	0	0	534	492	
14	1	1	0	0	471	537	
15	1	1	0	0	555	500	
0	1	1	0	0	452	567	
1	1	1	0	0	530	480	
2	1	1	0	0	481	543	
3	1	1	0	0	547	487	
4	1	1	0	0	469	546	
5	1	1	0	0	538	504	
6	1	1	0	0	467	542	
7	1	1	0	0	528	483	
8	1	1	0	0	470	533	
9	1	1	0	0	552	489	
10	1	1	0	0	476	533	
11	1	1	0	0	541	485	
12	1	1	0	0	469	554	
13	1	1	0	0	536	504	
14	1	1	0	0	471	548	
15	1	1	0	0	517	489	
0	1	1	0	0	479	546	
1	1	1	0	0	560	499	
2	1	1	0	0	460	556	
3	1	1	0	0	536	478	
4	1	1	0	0	463	529	
5	1	1	0	0	548	497	
6	1	1	0	0	475	551	
7	1	1	0	0	527	486	
8	1	1	0	0	479	543	
9	1	1	0	0	546	494	
10	1	1	0	0	465	524	
11	1	1	0	0	540	483	
12	1	1	0	0	467	559	
13	1	1	0	0	547	478	
14	1	1	0	0	463	547	
15	1	1	0	0	541	496	
0	1	1	0	0	464	534	
1	1	1	0	0	542	480	
2	1	1	0	0	470	542	
3	1	1	0	0	534	489	
4	1	1	0	0	470	561	
5	1	1	0	0	555	508	
6	1	1	0	0	472	539	
7	1	1	0	0	539	463	
8	1	1	0	0	467	545	
9	1	1	0	0	535	505	
10	1	1	0	0	481	549	
11	1	1	0	0	534	481	
12	1	1	0	0	477	549	
13	1	1	0	0	543	502	
14	1	1	0	0	473	520	
15	1	1	0	0	545	483	
0	1	1	0	0	476	555	
1	1	1	0	0	527	509	
2	1	1	0	0	488	542	
3	1	1	0	0	525	503	
4	1	1	0	0	474	552	
5	1	1	0	0	539	492	
6	1	1	0	0	484	538	
7	1	1	0	0	566	483	
8	1	1	0	0	485	548	
9	1	1	0	0	523	467	
10	1	1	0	0	478	523	
11	1	1	0	0	556	504	
12	1	1	0	0	497	543	
13	1	1	0	0	526	477	
14	1	1	0	0	485	560	
15	1	1	0	0	526	486	
0	1	1	0	0	492	527	
1	1	1	0	0	551	536	
2	1	1	0	0	465	524	
3	1	1	0	0	519	448	
4	1	1	0	0	478	499	
5	1	1	0	0	516	459	
6	1	1	0	0	474	518	
7	1	1	0	0	521	512	
8	1	1	0	0	473	515	
9	1	1	0	0	568	504	
10	1	1	0	0	489	520	
11	1	1	0	0	541	502	
12	1	1	0	0	471	500	
13	1	1	0	0	526	484	
14	1	1	0	0	518	527	
15	1	1	0	0	496	492	
0	1	1	0	0	465	541	
1	1	1	0	0	512	471	
2	1	1	0	0	514	506	
3	1	1	0	0	538	494	
4	1	1	0	0	496	565	
5	1	1	0	0	571	502	
6	1	1	0	0	466	474	
7	1	1	0	0	507	504	
8	1	1	0	0	465	499	
9	1	1	0	0	526	520	
10	1	1	0	0	472	514	
11	1	1	0	0	524	547	
12	1	1	0	0	487	479	
13	1	1	0	0	569	545	
14	1	1	0	0	493	538	
15	1	1	0	0	533	546	
0	1	1	0	0	480	509	
1	1	1	0	0	529	521	
2	1	1	0	0	480	521	
3	1	1	0	0	540	538	
4	1	1	0	0	472	501	
5	1	1	0	0	541	531	
6	1	1	0	0	477	514	
7	1	1	0	0	532	525	
8	1	1	0	0	480	506	
9	1	1	0	0	523	519	
10	1	1	0	0	472	501	
11	1	1	0	0	539	519	
12	1	1	0	0	478	497	
13	1	1	0	0	533	541	
14	1	1	0	0	483	507	
15	1	1	0	0	533	524	
0	1	1	0	0	472	511	
1	1	1	0	0	537	496	
2	1	1	0	0	493	483	
3	1	1	0	0	531	514	
4	1	1	0	0	473	524	
5	1	1	0	0	530	512	
6	1	1	0	0	482	518	
7	1	1	0	0	540	524	
8	1	1	0	0	478	499	
9	1	1	0	0	535	514	
10	1	1	0	0	498	512	
11	1	1	0	0	530	525	
12	1	1	0	0	478	489	
13	1	1	0	0	535	510	
14	1	1	0	0	491	504	
15	1	1	0	0	534	514	
0	1	1	0	0	484	520	
1	1	1	0	0	521	527	
2	1	1	0	0	486	511	
3	1	1	0	0	533	518	
4	1	1	0	0	487	502	
5	1	1	0	0	531	503	
6	1	1	0	0	485	508	
7	1	1	0	0	530	522	
8	1	1	0	0	497	513	
9	1	1	0	0	527	504	
10	1	1	0	0	486	507	
11	1	1	0	0	529	529	
12	1	1	0	0	492	498	
13	1	1	0	0	520	515	
14	1	1	0	0	486	524	
15	1	1	0	0	527	515	
0	1	1	0	0	492	510	
1	1	1	0	0	523	514	
2	1	1	0	0	496	494	
3	1	1	0	0	530	505	
4	1	1	0	0	497	515	
5	1	1	0	0	526	496	
6	1	1	0	0	489	523	
7	1	1	0	0	528	524	
8	1	1	0	0	486	524	
9	1	1	0	0	531	516	
10	1	1	0	0	491	507	
11	1	1	0	0	519	519	
12	1	1	0	0	494	506	
13	1	1	0	0	517	523	
14	1	1	0	0	497	500	
15	1	1	0	0	532	506	
0	1	1	0	0	489	499	
1	1	1	0	0	531	529	
2	1	1	0	0	494	519	
3	1	1	0	0	526	502	
4	1	1	0	0	497	484	
5	1	1	0	0	528	509	
6	1	1	0	0	494	513	
7	1	1	0	0	523	512	
8	1	1	0	0	492	506	
9	1	1	0	0	521	510	
10	1	1	0	0	501	514	
11	1	1	0	0	527	521	
12	1	1	0	0	502	503	
13	1	1	0	0	525	499	
14	1	1	0	0	493	507	
15	1	1	0	0	519	512	
0	1	1	0	0	495	511	
1	1	1	0	0	519	516	
2	1	1	0	0	500	510	
3	1	1	0	0	518	518	
4	1	1	0	0	495	505	
5	1	1	0	0	526	513	
6	1	1	0	0	505	503	
7	1	1	0	0	526	515	
8	1	1	0	0	501	510	
9	1	1	0	0	527	519	
10	1	1	0	0	494	503	
11	1	1	0	0	532	509	
12	1	1	0	0	482	509	
13	1	1	0	0	524	505	
14	1	1	0	0	507	510	
15	1	1	0	0	524	506	
0	1	1	0	0	496	510	
1	1	1	0	0	518	508	
2	1	1	0	0	503	524	
3	1	1	0	0	524	495	
4	1	1	0	0	496	517	
5	1	1	0	0	525	507	
6	1	1	0	0	492	512	
7	1	1	0	0	532	510	
8	1	1	0	0	505	505	
9	1	1	0	0	522	515	
10	1	1	0	0	497	504	
11	1	1	0	0	524	503	
12	1	1	0	0	509	513	
13	1	1	0	0	518	508	
14	1	1	0	0	502	499	
15	1	1	0	0	522	505	
0	1	1	0	0	497	515	
1	1	1	0	0	531	491	
2	1	1	0	0	493	524	
3	1	1	0	0	524	503	
4	1	1	0	0	499	510	
5	1	1	0	0	523	497	
6	1	1	0	0	504	524	
7	1	1	0	0	524	510	
8	1	1	0	0	502	517	
9	1	1	0	0	521	502	
10	1	1	0	0	508	510	
11	1	1	0	0	526	498	
12	1	1	0	0	491	516	
13	1	1	0	0	525	507	
14	1	1	0	0	505	508	
15	1	1	0	0	512	502	
0	1	1	0	0	507	520	
1	1	1	0	0	527	500	
2	1	1	0	0	509	522	
3	1	1	0	0	521	504	
4	1	1	0	0	511	518	
5	1	1	0	0	523	503	
6	1	1	0	0	507	503	
7	1	1	0	0	516	503	
8	1	1	0	0	499	517	
9	1	1	0	0	520	491	
10	1	1	0	0	502	524	
11	1	1	0	0	517	495	
12	1	1	0	0	507	515	
13	1	1	0	0	518	509	
14	1	1	0	0	507	518	
15	1	1	0	0	519	496	
0	1	1	0	0	508	515	
1	1	1	0	0	517	505	
2	1	1	0	0	507	515	
3	1	1	0	0	518	502	
4	1	1	0	0	501	504	
5	1	1	0	0	511	496	
6	1	1	0	0	505	517	
7	1	1	0	0	512	500	
8	1	1	0	0	518	517	
9	1	1	0	0	517	501	
10	1	1	0	0	508	521	
11	1	1	0	0	515	493	
12	1	1	0	0	505	513	
13	1	1	0	0	510	495	
14	1	1	0	0	503	519	
15	1	1	0	0	512	494	
0	1	1	0	0	505	534	
1	1	1	0	0	511	504	
2	1	1	0	0	508	508	
3	1	1	0	0	515	493	
4	1	1	0	0	511	503	
5	1	1	0	0	510	504	
6	1	1	0	0	503	512	
7	1	1	0	0	514	495	
8	1	1	0	0	497	499	
9	1	1	0	0	513	506	
10	1	1	0	0	517	540	
11	1	1	0	0	518	513	
12	1	1	0	0	472	655	
13	1	1	0	0	482	647	
14	1	1	0	0	447	756	
15	1	1	0	0	462	572	
0	1	1	0	0	530	566	
1	1	1	0	0	529	711	
2	1	1	0	0	419	640	
3	1	1	0	0	471	512	
4	1	1	0	0	479	843	
5	1	1	0	0	531	132	
6	1	1	0	0	492	0	
7	1	1	0	0	658	126	
8	1	1	0	0	619	533	
9	1	1	0	0	632	536	
10	1	1	0	0	515	459	
11	1	1	0	0	511	1022	
12	1	1	0	0	554	854	
13	1	1	0	0	593	604	
14	1	1	0	0	525	538	
15	1	1	0	0	480	518	
0	1	1	0	0	473	514	
1	1	1	0	0	514	511	
2	1	1	0	0	493	508	
3	1	1	0	0	538	510	
4	1	1	0	0	493	508	
5	1	1	0	0	543	509	
6	1	1	0	0	518	508	
7	1	1	0	0	494	509	
8	1	1	0	0	486	508	
9	1	1	0	0	541	508	
10	1	1	0	0	486	508	
11	1	1	0	0	526	507	
12	1	1	0	0	519	506	
13	1	1	0	0	521	507	
14	1	1	0	0	523	508	
15	1	1	0	0	510	507	
0	1	1	0	0	523	508	
1	1	1	0	0	544	507	
2	1	1	0	0	498	508	
3	1	1	0	0	504	507	
4	1	1	0	0	524	508	
5	1	1	0	0	515	506	
6	1	1	0	0	519	508	
7	1	1	0	0	481	508	
8	1	1	0	0	511	508	
9	1	1	0	0	494	508	
10	1	1	0	0	532	508	
11	1	1	0	0	511	507	
12	1	1	0	0	539	506	
13	1	1	0	0	517	507	
14	1	1	0	0	546	507	
15	1	1	0	0	511	508	
0	1	1	0	0	510	505	
1	1	1	0	0	518	507	
2	1	1	0	0	505	508	
3	1	1	0	0	534	507	
4	1	1	0	0	514	507	
5	1	1	0	0	513	507	
6	1	1	0	0	532	507	
7	1	1	0	0	511	507	
8	1	1	0	0	523	508	
9	1	1	0	0	513	507	
10	1	1	0	0	513	507	
11	1	1	0	0	524	507	
12	1	1	0	0	525	506	
13	1	1	0	0	487	508	
14	1	1	0	0	511	508	
15	1	1	0	0	519	507	
0	1	1	0	0	521	507	
1	1	1	0	0	524	507	
2	1	1	0	0	512	507	
3	1	1	0	0	500	508	
4	1	1	0	0	516	507	
5	1	1	0	0	508	507	
6	1	1	0	0	508	507	
7	1	1	0	0	510	507	
8	1	1	0	0	524	507	
9	1	1	0	0	513	507	
10	1	1	0	0	528	507	
11	1	1	0	0	519	507	
12	1	1	0	0	526	507	
13	1	1	0	0	499	508	
14	1	1	0	0	516	506	
15	1	1	0	0	518	506	
0	1	1	0	0	523	507	
1	1	1	0	0	500	508	
2	1	1	0	0	523	506	
3	1	1	0	0	501	506	
4	1	1	0	0	527	508	
5	1	1	0	0	489	508	
6	1	1	0	0	524	507	
7	1	1	0	0	507	506	
8	1	1	0	0	524	504	
9	1	1	0	0	515	507	
10	1	1	0	0	521	507	
11	1	1	0	0	517	507	
12	1	1	0	0	524	507	
13	1	1	0	0	496	507	
14	1	1	0	0	515	506	
15	1	1	0	0	508	507	
0	1	1	0	0	529	507	
1	1	1	0	0	508	507	
2	1	1	0	0	519	508	
3	1	1	0	0	508	507	
4	1	1	0	0	521	507	
5	1	1	0	0	507	507	
6	1	1	0	0	516	505	
7	1	1	0	0	498	506	
8	1	1	0	0	524	507	
9	1	1	0	0	497	507	
10	1	1	0	0	527	508	
11	1	1	0	0	514	506	
12	1	1	0	0	541	505	
13	1	1	0	0	487	507	
14	1	1	0	0	532	508	
15	1	1	0	0	492	507	
0	1	1	0	0	528	507	
1	1	1	0	0	503	508	
2	1	1	0	0	535	508	
3	1	1	0	0	494	507	
4	1	1	0	0	516	507	
5	1	1	0	0	500	505	
6	1	1	0	0	526	506	
7	1	1	0	0	506	508	
8	1	1	0	0	529	507	
9	1	1	0	0	490	507	
10	1	1	0	0	533	505	
11	1	1	0	0	490	506	
12	1	1	0	0	530	507	
13	1	1	0	0	495	508	
14	1	1	0	0	530	506	
15	1	1	0	0	488	508	
0	1	1	0	0	527	506	
1	1	1	0	0	506	508	
2	1	1	0	0	530	506	
3	1	1	0	0	507	508	
4	1	1	0	0	521	507	
5	1	1	0	0	500	508	
6	1	1	0	0	536	506	
7	1	1	0	0	504	505	
8	1	1	0	0	524	507	
9	1	1	0	0	499	508	
10	1	1	0	0	521	507	
11	1	1	0	0	507	506	
12	1	1	0	0	540	506	
13	1	1	0	0	489	507	
14	1	1	0	0	542	506	
15	1	1	0	0	487	507	
0	1	1	0	0	530	506	
1	1	1	0	0	501	507	
2	1	1	0	0	520	507	
3	1	1	0	0	482	507	
4	1	1	0	0	526	507	
5	1	1	0	0	494	506	
6	1	1	0	0	533	507	
7	1	1	0	0	496	508	
8	1	1	0	0	525	506	
9	1	1	0	0	489	506	
10	1	1	0	0	521	507	
11	1	1	0	0	491	506	
12	1	1	0	0	524	506	
13	1	1	0	0	481	507	
14	1	1	0	0	507	506	
15	1	1	0	0	499	507	
0	1	1	0	0	525	506	
1	1	1	0	0	510	506	
2	1	1	0	0	534	506	
3	1	1	0	0	498	507	
4	1	1	0	0	535	507	
5	1	1	0	0	501	507	
6	1	1	0	0	535	507	
7	1	1	0	0	497	0	
8	1	1	0	0	555	0	
9	1	1	0	0	511	347	
10	1	1	0	0	518	456	
11	1	1	0	0	449	487	
12	1	1	0	0	522	497	
13	1	1	0	0	488	500	
14	1	1	0	0	534	502	
15	1	1	0	0	492	503	
0	1	1	0	0	546	504	
1	1	1	0	0	508	504	
2	1	1	0	0	526	504	
3	1	1	0	0	475	505	
4	1	1	0	0	545	505	
5	1	1	0	0	468	505	
6	1	1	0	0	514	506	
7	1	1	0	0	519	505	
8	1	1	0	0	475	505	
9	1	1	0	0	476	505	
10	1	1	0	0	566	506	
11	1	1	0	0	458	506	
12	1	1	0	0	508	506	
13	1	1	0	0	462	506	
14	1	1	0	0	540	506	
15	1	1	0	0	510	506	
0	1	1	0	0	527	506	
1	1	1	0	0	457	506	
2	1	1	0	0	562	506	
3	1	1	0	0	497	506	
4	1	1	0	0	553	506	
5	1	1	0	0	494	507	
6	1	1	0	0	537	507	
7	1	1	0	0	483	507	
8	1	1	0	0	527	507	
9	1	1	0	0	470	507	
10	1	1	0	0	527	507	
11	1	1	0	0	495	507	
12	1	1	0	0	519	507	
13	1	1	0	0	467	507	
14	1	1	0	0	527	507	
15	1	1	0	0	477	507	
0	1	1	0	0	545	507	
1	1	1	0	0	496	507	
2	1	1	0	0	519	507	
3	1	1	0	0	479	507	
4	1	1	0	0	547	507	
5	1	1	0	0	488	507	
6	1	1	0	0	515	507	
7	1	1	0	0	494	507	
8	1	1	0	0	526	507	
9	1	1	0	0	475	508	
10	1	1	0	0	531	507	
11	1	1	0	0	504	507	
12	1	1	0	0	537	507	
13	1	1	0	0	484	507	
14	1	1	0	0	528	507	
15	1	1	0	0	484	507	
0	1	1	0	0	534	507	
1	1	1	0	0	486	507	
2	1	1	0	0	527	507	
3	1	1	0	0	478	507	
4	1	1	0	0	526	507	
5	1	1	0	0	491	507	
6	1	1	0	0	536	507	
7	1	1	0	0	480	507	
8	1	1	0	0	525	507	
9	1	1	0	0	488	507	
10	1	1	0	0	529	507	
11	1	1	0	0	484	507	
12	1	1	0	0	540	507	
13	1	1	0	0	488	508	
14	1	1	0	0	531	507	
15	1	1	0	0	480	507	
0	1	1	0	0	535	507	
1	1	1	0	0	486	507	
2	1	1	0	0	539	508	
3	1	1	0	0	475	507	
4	1	1	0	0	537	507	
5	1	1	0	0	484	507	
6	1	1	0	0	538	507	
7	1	1	0	0	479	508	
8	1	1	0	0	536	507	
9	1	1	0	0	480	507	
10	1	1	0	0	540	507	
11	1	1	0	0	476	507	
12	1	1	0	0	539	508	
13	1	1	0	0	479	507	
14	1	1	0	0	535	507	
15	1	1	0	0	479	507	
0	1	1	0	0	535	507	
1	1	1	0	0	480	507	
2	1	1	0	0	539	507	
3	1	1	0	0	481	507	
4	1	1	0	0	537	507	
5	1	1	0	0	478	507	
6	1	1	0	0	534	508	
7	1	1	0	0	483	507	
8	1	1	0	0	534	507	
9	1	1	0	0	471	507	
10	1	1	0	0	540	507	
11	1	1	0	0	479	507	
12	1	1	0	0	535	507	
13	1	1	0	0	480	507	
14	1	1	0	0	532	507	
15	1	1	0	0	483	507	
0	1	1	0	0	542	508	
1	1	1	0	0	483	507	
2	1	1	0	0	537	507	
3	1	1	0	0	480	507	
4	1	1	0	0	526	507	
5	1	1	0	0	486	508	
6	1	1	0	0	539	507	
7	1	1	0	0	474	507	
8	1	1	0	0	533	507	
9	1	1	0	0	482	1022	
10	1	1	0	0	528	1022	
11	1	1	0	0	480	864	
12	1	1	0	0	539	671	
13	1	1	0	0	477	557	
14	1	1	0	0	530	545	
15	1	1	0	0	471	510	
0	1	1	0	0	535	530	
1	1	1	0	0	479	503	
2	1	1	0	0	531	519	
3	1	1	0	0	483	496	
4	1	1	0	0	537	515	
5	1	1	0	0	478	510	
6	1	1	0	0	536	510	
7	1	1	0	0	473	504	
8	1	1	0	0	529	506	
9	1	1	0	0	466	505	
10	1	1	0	0	537	510	
11	1	1	0	0	482	500	
12	1	1	0	0	544	507	
13	1	1	0	0	481	491	
14	1	1	0	0	534	518	
15	1	1	0	0	479	504	
0	1	1	0	0	534	503	
1	1	1	0	0	480	481	
2	1	1	0	0	543	504	
3	1	1	0	0	467	522	
4	1	1	0	0	550	572	
5	1	1	0	0	477	500	
6	1	1	0	0	520	492	
7	1	1	0	0	494	488	
8	1	1	0	0	507	554	
9	1	1	0	0	469	666	
10	1	1	0	0	467	570	
11	1	1	0	0	465	583	
12	1	1	0	0	534	583	
13	1	1	0	0	432	713	
14	1	1	0	0	460	588	
15	1	1	0	0	457	605	
0	1	1	0	0	527	644	
1	1	1	0	0	415	610	
2	1	1	0	0	449	490	
3	1	1	0	0	523	0	
4	1	1	0	0	684	137	
5	1	1	0	0	557	295	
6	1	1	0	0	592	587	
7	1	1	0	0	435	678	
8	1	1	0	0	583	496	
9	1	1	0	0	524	406	
10	1	1	0	0	589	408	
11	1	1	0	0	432	524	
12	1	1	0	0	546	492	
13	1	1	0	0	450	556	
14	1	1	0	0	540	539	
15	1	1	0	0	464	567	
0	1	1	0	0	542	481	
1	1	1	0	0	480	518	
2	1	1	0	0	563	516	
3	1	1	0	0	461	526	
4	1	1	0	0	533	494	
5	1	1	0	0	439	537	
6	1	1	0	0	566	495	
7	1	1	0	0	451	502	
8	1	1	0	0	542	440	
9	1	1	0	0	466	528	
10	1	1	0	0	582	482	
11	1	1	0	0	470	551	
12	1	1	0	0	544	495	
13	1	1	0	0	463	529	
14	1	1	0	0	549	504	
15	1	1	0	0	480	548	
0	1	1	0	0	540	467	
1	1	1	0	0	466	530	
2	1	1	0	0	530	509	
3	1	1	0	0	461	539	
4	1	1	0	0	542	500	
5	1	1	0	0	470	524	
6	1	1	0	0	558	497	
7	1	1	0	0	465	534	
8	1	1	0	0	540	489	
9	1	1	0	0	460	543	
10	1	1	0	0	551	495	
11	1	1	0	0	475	542	
12	1	1	0	0	536	493	
13	1	1	0	0	462	545	
14	1	1	0	0	568	489	
15	1	1	0	0	465	553	
0	1	1	0	0	544	482	
1	1	1	0	0	477	527	
2	1	1	0	0	562	489	
3	1	1	0	0	460	535	
4	1	1	0	0	547	506	
5	1	1	0	0	479	522	
6	1	1	0	0	543	486	
7	1	1	0	0	459	534	
8	1	1	0	0	550	494	
9	1	1	0	0	469	546	
10	1	1	0	0	533	480	
11	1	1	0	0	472	547	
12	1	1	0	0	546	488	
13	1	1	0	0	472	541	
14	1	1	0	0	556	494	
15	1	1	0	0	462	543	
0	1	1	0	0	536	492	
1	1	1	0	0	473	537	
2	1	1	0	0	542	484	
3	1	1	0	0	468	540	
4	1	1	0	0	541	513	
5	1	1	0	0	471	519	
6	1	1	0	0	541	494	
7	1	1	0	0	472	529	
8	1	1	0	0	539	487	
9	1	1	0	0	467	528	
10	1	1	0	0	541	488	
11	1	1	0	0	466	558	
12	1	1	0	0	546	487	
13	1	1	0	0	471	539	
14	1	1	0	0	538	482	
15	1	1	0	0	473	540	
0	1	1	0	0	548	493	
1	1	1	0	0	464	525	
2	1	1	0	0	548	471	
3	1	1	0	0	468	544	
4	1	1	0	0	536	496	
5	1	1	0	0	467	543	
6	1	1	0	0	548	497	
7	1	1	0	0	476	533	
8	1	1	0	0	543	504	
9	1	1	0	0	470	532	
10	1	1	0	0	543	477	
11	1	1	0	0	460	528	
12	1	1	0	0	556	487	
13	1	1	0	0	466	536	
14	1	1	0	0	543	512	
15	1	1	0	0	463	544	
0	1	1	0	0	545	488	
1	1	1	0	0	467	533	
2	1	1	0	0	542	488	
3	1	1	0	0	477	539	
4	1	1	0	0	554	477	
5	1	1	0	0	464	536	
6	1	1	0	0	553	497	
7	1	1	0	0	462	527	
8	1	1	0	0	544	491	
9	1	1	0	0	471	533	
10	1	1	0	0	550	489	
11	1	1	0	0	463	531	
12	1	1	0	0	544	491	
13	1	1	0	0	469	541	
14	1	1	0	0	551	477	
15	1	1	0	0	456	532	
0	1	1	0	0	550	499	
1	1	1	0	0	463	546	
2	1	1	0	0	542	495	
3	1	1	0	0	464	524	
4	1	1	0	0	547	492	
5	1	1	0	0	472	536	
6	1	1	0	0	547	506	
7	1	1	0	0	473	536	
8	1	1	0	0	545	488	
9	1	1	0	0	455	531	
10	1	1	0	0	546	493	
11	1	1	0	0	468	535	
12	1	1	0	0	552	498	
13	1	1	0	0	470	536	
14	1	1	0	0	535	489	
15	1	1	0	0	465	538	
0	1	1	0	0	550	485	
1	1	1	0	0	473	541	
2	1	1	0	0	547	473	
3	1	1	0	0	475	531	
4	1	1	0	0	546	505	
5	1	1	0	0	455	523	
6	1	1	0	0	540	514	
7	1	1	0	0	464	530	
8	1	1	0	0	556	495	
9	1	1	0	0	460	529	
10	1	1	0	0	563	492	
11	1	1	0	0	457	543	
12	1	1	0	0	553	488	
13	1	1	0	0	459	538	
14	1	1	0	0	551	497	
15	1	1	0	0	460	537	
0	1	1	0	0	546	494	
1	1	1	0	0	465	526	
2	1	1	0	0	550	494	
3	1	1	0	0	469	539	
4	1	1	0	0	550	478	
5	1	1	0	0	454	558	
6	1	1	0	0	541	508	
7	1	1	0	0	456	536	
8	1	1	0	0	571	484	
9	1	1	0	0	482	539	
10	1	1	0	0	551	490	
11	1	1	0	0	479	532	
12	1	1	0	0	557	490	
13	1	1	0	0	492	497	
14	1	1	0	0	575	419	
15	1	1	0	0	471	512	
0	1	1	0	0	540	498	
1	1	1	0	0	459	537	
2	1	1	0	0	546	495	
3	1	1	0	0	460	535	
4	1	1	0	0	539	511	
5	1	1	0	0	476	553	
6	1	1	0	0	542	508	
7	1	1	0	0	451	527	
8	1	1	0	0	554	502	
9	1	1	0	0	452	434	
10	1	1	0	0	554	504	
11	1	1	0	0	489	533	
12	1	1	0	0	515	516	
13	1	1	0	0	426	483	
14	1	1	0	0	501	491	
15	1	1	0	0	465	517	
0	1	1	0	0	571	537	
1	1	1	0	0	489	512	
2	1	1	0	0	511	528	
3	1	1	0	0	497	480	
4	1	1	0	0	535	531	
5	1	1	0	0	501	535	
6	1	1	0	0	518	526	
7	1	1	0	0	468	505	
8	1	1	0	0	536	547	
9	1	1	0	0	477	518	
10	1	1	0	0	541	541	
11	1	1	0	0	474	505	
12	1	1	0	0	553	546	
13	1	1	0	0	473	535	
14	1	1	0	0	536	538	
15	1	1	0	0	471	497	
0	1	1	0	0	534	509	
1	1	1	0	0	481	520	
2	1	1	0	0	550	520	
3	1	1	0	0	470	480	
4	1	1	0	0	541	509	
5	1	1	0	0	471	510	
6	1	1	0	0	523	513	
7	1	1	0	0	464	511	
8	1	1	0	0	563	508	
9	1	1	0	0	469	502	
10	1	1	0	0	534	522	
11	1	1	0	0	477	505	
12	1	1	0	0	538	512	
13	1	1	0	0	477	514	
14	1	1	0	0	530	517	
15	1	1	0	0	459	498	
0	1	1	0	0	540	528	
1	1	1	0	0	461	501	
2	1	1	0	0	546	522	
3	1	1	0	0	472	504	
4	1	1	0	0	545	518	
5	1	1	0	0	469	505	
6	1	1	0	0	537	515	
7	1	1	0	0	475	507	
8	1	1	0	0	540	513	
9	1	1	0	0	468	507	
10	1	1	0	0	542	515	
11	1	1	0	0	484	493	
12	1	1	0	0	534	519	
13	1	1	0	0	476	502	
14	1	1	0	0	536	519	
15	1	1	0	0	474	505	
0	1	1	0	0	539	511	
1	1	1	0	0	471	500	
2	1	1	0	0	540	522	
3	1	1	0	0	469	502	
4	1	1	0	0	532	517	
5	1	1	0	0	476	505	
6	1	1	0	0	544	512	
7	1	1	0	0	473	500	
8	1	1	0	0	535	521	
9	1	1	0	0	466	508	
10	1	1	0	0	543	522	
11	1	1	0	0	478	502	
12	1	1	0	0	540	520	
13	1	1	0	0	480	505	
14	1	1	0	0	538	513	
15	1	1	0	0	470	507	
0	1	1	0	0	540	518	
1	1	1	0	0	469	505	
2	1	1	0	0	546	519	
3	1	1	0	0	479	507	
4	1	1	0	0	539	513	
5	1	1	0	0	472	497	
6	1	1	0	0	533	522	
7	1	1	0	0	472	506	
8	1	1	0	0	536	497	
9	1	1	0	0	474	512	
10	1	1	0	0	544	515	
11	1	1	0	0	483	511	
12	1	1	0	0	543	519	
13	1	1	0	0	469	504	
14	1	1	0	0	540	514	
15	1	1	0	0	475	513	
0	1	1	0	0	541	514	
1	1	1	0	0	467	501	
2	1	1	0	0	537	522	
3	1	1	0	0	467	501	
4	1	1	0	0	540	508	
5	1	1	0	0	478	510	
6	1	1	0	0	537	518	
7	1	1	0	0	479	500	
8	1	1	0	0	539	507	
9	1	1	0	0	472	501	
10	1	1	0	0	539	507	
11	1	1	0	0	478	497	
12	1	1	0	0	539	515	
13	1	1	0	0	470	503	
14	1	1	0	0	537	507	
15	1	1	0	0	478	521	
0	1	1	0	0	537	518	
1	1	1	0	0	476	501	
2	1	1	0	0	540	512	
3	1	1	0	0	472	503	
4	1	1	0	0	536	523	
5	1	1	0	0	471	512	
6	1	1	0	0	539	514	
7	1	1	0	0	481	508	
8	1	1	0	0	540	526	
9	1	1	0	0	479	500	
10	1	1	0	0	541	512	
11	1	1	0	0	476	494	
12	1	1	0	0	536	518	
13	1	1	0	0	476	513	
14	1	1	0	0	541	527	
15	1	1	0	0	483	489	
0	1	1	0	0	540	518	
1	1	1	0	0	473	516	
2	1	1	0	0	542	512	
3	1	1	0	0	469	512	
4	1	1	0	0	538	515	
5	1	1	0	0	478	509	
6	1	1	0	0	539	528	
7	1	1	0	0	475	509	
8	1	1	0	0	539	513	
9	1	1	0	0	480	507	
10	1	1	0	0	538	518	
11	1	1	0	0	486	503	
12	1	1	0	0	534	515	
13	1	1	0	0	482	502	
14	1	1	0	0	528	517	
15	1	1	0	0	481	500	
0	1	1	0	0	539	523	
1	1	1	0	0	478	505	
2	1	1	0	0	542	512	
3	1	1	0	0	480	509	
4	1	1	0	0	537	511	
5	1	1	0	0	476	521	
6	1	1	0	0	534	523	
7	1	1	0	0	473	499	
8	1	1	0	0	534	495	
9	1	1	0	0	477	518	
10	1	1	0	0	533	519	
11	1	1	0	0	478	511	
12	1	1	0	0	536	512	
13	1	1	0	0	480	495	
14	1	1	0	0	531	528	
15	1	1	0	0	471	538	
0	1	1	0	0	515	596	
1	1	1	0	0	473	553	
2	1	1	0	0	537	545	
3	1	1	0	0	432	531	
4	1	1	0	0	517	563	
5	1	1	0	0	435	688	
6	1	1	0	0	484	647	
7	1	1	0	0	368	622	
8	1	1	0	0	536	517	
9	1	1	0	0	410	577	
10	1	1	0	0	633	712	
11	1	1	0	0	367	131	
12	1	1	0	0	632	288	
13	1	1	0	0	537	286	
14	1	1	0	0	559	464	
15	1	1	0	0	494	625	
0	1	1	0	0	548	565	
1	1	1	0	0	513	481	
2	1	1	0	0	577	440	
3	1	1	0	0	482	536	
4	1	1	0	0	542	506	
5	1	1	0	0	450	467	
6	1	1	0	0	537	464	
7	1	1	0	0	467	559	
8	1	1	0	0	553	482	
9	1	1	0	0	446	536	
10	1	1	0	0	539	494	
11	1	1	0	0	480	499	
12	1	1	0	0	578	478	
13	1	1	0	0	452	568	
14	1	1	0	0	532	495	
15	1	1	0	0	470	547	
0	1	1	0	0	513	499	
1	1	1	0	0	442	533	
2	1	1	0	0	572	512	
3	1	1	0	0	439	540	
4	1	1	0	0	540	501	
5	1	1	0	0	447	552	
6	1	1	0	0	550	502	
7	1	1	0	0	491	547	
8	1	1	0	0	545	488	
9	1	1	0	0	445	558	
10	1	1	0	0	552	500	
11	1	1	0	0	470	559	
12	1	1	0	0	554	496	
13	1	1	0	0	474	549	
14	1	1	0	0	538	485	
15	1	1	0	0	446	536	
0	1	1	0	0	551	496	
1	1	1	0	0	480	553	
2	1	1	0	0	547	488	
3	1	1	0	0	471	544	
4	1	1	0	0	545	494	
5	1	1	0	0	467	554	
6	1	1	0	0	542	499	
7	1	1	0	0	480	558	
8	1	1	0	0	560	473	
9	1	1	0	0	462	549	
10	1	1	0	0	540	483	
11	1	1	0	0	473	548	
12	1	1	0	0	543	486	
13	1	1	0	0	451	550	
14	1	1	0	0	550	496	
15	1	1	0	0	478	552	
0	1	1	0	0	557	468	
1	1	1	0	0	449	546	
2	1	1	0	0	543	528	
3	1	1	0	0	457	550	
4	1	1	0	0	537	485	
5	1	1	0	0	476	567	
6	1	1	0	0	546	485	
7	1	1	0	0	461	536	
8	1	1	0	0	545	488	
9	1	1	0	0	448	560	
10	1	1	0	0	559	484	
11	1	1	0	0	479	542	
12	1	1	0	0	530	498	
13	1	1	0	0	472	536	
14	1	1	0	0	540	494	
15	1	1	0	0	469	541	
0	1	1	0	0	591	511	
1	1	1	0	0	465	551	
2	1	1	0	0	546	486	
3	1	1	0	0	457	542	
4	1	1	0	0	562	485	
5	1	1	0	0	460	540	
6	1	1	0	0	539	492	
7	1	1	0	0	464	551	
8	1	1	0	0	540	479	
9	1	1	0	0	465	554	
10	1	1	0	0	551	500	
11	1	1	0	0	467	545	
12	1	1	0	0	552	488	
13	1	1	0	0	464	545	
14	1	1	0	0	542	503	
15	1	1	0	0	481	545	
0	1	1	0	0	544	488	
1	1	1	0	0	473	545	
2	1	1	0	0	537	487	
3	1	1	0	0	467	548	
4	1	1	0	0	543	484	
5	1	1	0	0	465	550	
6	1	1	0	0	547	480	
7	1	1	0	0	463	545	
8	1	1	0	0	546	497	
9	1	1	0	0	455	546	
10	1	1	0	0	541	493	
11	1	1	0	0	467	555	
12	1	1	0	0	555	483	
13	1	1	0	0	468	543	
14	1	1	0	0	547	500	
15	1	1	0	0	462	557	
0	1	1	0	0	562	504	
1	1	1	0	0	452	547	
2	1	1	0	0	552	504	
3	1	1	0	0	457	543	
4	1	1	0	0	544	481	
5	1	1	0	0	469	541	
6	1	1	0	0	547	487	
7	1	1	0	0	473	539	
8	1	1	0	0	535	497	
9	1	1	0	0	471	557	
10	1	1	0	0	537	493	
11	1	1	0	0	472	537	
12	1	1	0	0	543	489	
13	1	1	0	0	466	547	
14	1	1	0	0	536	491	
15	1	1	0	0	454	556	
0	1	1	0	0	543	483	
1	1	1	0	0	464	542	
2	1	1	0	0	555	483	
3	1	1	0	0	486	532	
4	1	1	0	0	539	504	
5	1	1	0	0	469	542	
6	1	1	0	0	537	495	
7	1	1	0	0	466	528	
8	1	1	0	0	544	493	
9	1	1	0	0	477	540	
10	1	1	0	0	543	472	
11	1	1	0	0	465	539	
12	1	1	0	0	552	503	
13	1	1	0	0	483	540	
14	1	1	0	0	551	474	
15	1	1	0	0	489	518	
0	1	1	0	0	542	517	
1	1	1	0	0	484	539	
2	1	1	0	0	537	494	
3	1	1	0	0	448	536	
4	1	1	0	0	531	484	
5	1	1	0	0	481	559	
6	1	1	0	0	541	504	
7	1	1	0	0	476	507	
8	1	1	0	0	549	482	
9	1	1	0	0	476	519	
10	1	1	0	0	546	482	
11	1	1	0	0	444	535	
12	1	1	0	0	543	495	
13	1	1	0	0	476	504	
14	1	1	0	0	544	504	
15	1	1	0	0	467	559	
0	1	1	0	0	540	518	
1	1	1	0	0	491	483	
2	1	1	0	0	541	493	
3	1	1	0	0	464	543	
4	1	1	0	0	541	549	
5	1	1	0	0	466	481	
6	1	1	0	0	551	500	
7	1	1	0	0	462	516	
8	1	1	0	0	524	511	
9	1	1	0	0	502	521	
10	1	1	0	0	518	504	
11	1	1	0	0	487	498	
12	1	1	0	0	524	506	
13	1	1	0	0	481	524	
14	1	1	0	0	539	502	
15	1	1	0	0	471	530	
0	1	1	0	0	527	518	
1	1	1	0	0	482	527	
2	1	1	0	0	526	512	
3	1	1	0	0	477	527	
4	1	1	0	0	551	525	
5	1	1	0	0	469	511	
6	1	1	0	0	534	529	
7	1	1	0	0	489	524	
8	1	1	0	0	545	525	
9	1	1	0	0	479	519	
10	1	1	0	0	528	518	
11	1	1	0	0	482	505	
12	1	1	0	0	531	516	
13	1	1	0	0	478	515	
14	1	1	0	0	532	531	
15	1	1	0	0	473	508	
0	1	1	0	0	536	509	
1	1	1	0	0	477	531	
2	1	1	0	0	540	512	
3	1	1	0	0	480	519	
4	1	1	0	0	532	509	
5	1	1	0	0	487	504	
6	1	1	0	0	527	506	
7	1	1	0	0	471	531	
8	1	1	0	0	533	500	
9	1	1	0	0	478	499	
10	1	1	0	0	536	510	
11	1	1	0	0	483	526	
12	1	1	0	0	534	515	
13	1	1	0	0	479	507	
14	1	1	0	0	537	523	
15	1	1	0	0	480	504	
0	1	1	0	0	539	508	
1	1	1	0	0	481	521	
2	1	1	0	0	539	519	
3	1	1	0	0	481	499	
4	1	1	0	0	529	507	
5	1	1	0	0	482	524	
6	1	1	0	0	536	510	
7	1	1	0	0	482	507	
8	1	1	0	0	532	510	
9	1	1	0	0	486	507	
10	1	1	0	0	534	512	
11	1	1	0	0	482	512	
12	1	1	0	0	534	504	
13	1	1	0	0	477	528	
14	1	1	0	0	535	506	
15	1	1	0	0	483	518	
0	1	1	0	0	536	512	
1	1	1	0	0	481	512	
2	1	1	0	0	541	505	
3	1	1	0	0	482	515	
4	1	1	0	0	532	515	
5	1	1	0	0	481	508	
6	1	1	0	0	533	503	
7	1	1	0	0	480	515	
8	1	1	0	0	533	518	
9	1	1	0	0	477	508	
10	1	1	0	0	533	510	
11	1	1	0	0	476	523	
12	1	1	0	0	533	502	
13	1	1	0	0	480	510	
14	1	1	0	0	535	511	
15	1	1	0	0	482	515	
0	1	1	0	0	533	521	
1	1	1	0	0	480	504	
2	1	1	0	0	534	510	
3	1	1	0	0	489	516	
4	1	1	0	0	529	519	
5	1	1	0	0	480	531	
6	1	1	0	0	536	514	
7	1	1	0	0	487	510	
8	1	1	0	0	532	506	
9	1	1	0	0	483	510	
10	1	1	0	0	536	517	
11	1	1	0	0	476	514	
12	1	1	0	0	529	499	
13	1	1	0	0	480	500	
14	1	1	0	0	541	525	
15	1	1	0	0	480	518	
0	1	1	0	0	539	512	
1	1	1	0	0	483	520	
2	1	1	0	0	530	508	
3	1	1	0	0	486	509	
4	1	1	0	0	528	505	
5	1	1	0	0	479	520	
6	1	1	0	0	531	509	
7	1	1	0	0	485	533	
8	1	1	0	0	530	501	
9	1	1	0	0	482	523	
10	1	1	0	0	530	505	
11	1	1	0	0	484	514	
12	1	1	0	0	536	504	
13	1	1	0	0	483	510	
14	1	1	0	0	531	513	
15	1	1	0	0	487	515	
0	1	1	0	0	530	505	
1	1	1	0	0	484	515	
2	1	1	0	0	532	523	
3	1	1	0	0	480	512	
4	1	1	0	0	538	528	
5	1	1	0	0	480	521	
6	1	1	0	0	536	505	
7	1	1	0	0	482	518	
8	1	1	0	0	536	518	
9	1	1	0	0	480	525	
10	1	1	0	0	532	504	
11	1	1	0	0	484	504	
12	1	1	0	0	535	508	
13	1	1	0	0	477	508	
14	1	1	0	0	537	512	
15	1	1	0	0	487	522	
0	1	1	0	0	537	514	
1	1	1	0	0	485	511	
2	1	1	0	0	537	516	
3	1	1	0	0	476	512	
4	1	1	0	0	528	505	
5	1	1	0	0	485	516	
6	1	1	0	0	533	513	
7	1	1	0	0	481	509	
8	1	1	0	0	529	513	
9	1	1	0	0	485	521	
10	1	1	0	0	529	515	
11	1	1	0	0	486	514	
12	1	1	0	0	533	512	
13	1	1	0	0	483	518	
14	1	1	0	0	525	507	
15	1	1	0	0	478	501	
0	1	1	0	0	525	515	
1	1	1	0	0	482	512	
2	1	1	0	0	540	527	
3	1	1	0	0	476	527	
4	1	1	0	0	532	518	
5	1	1	0	0	476	527	
6	1	1	0	0	541	529	
7	1	1	0	0	478	565	
8	1	1	0	0	494	590	
9	1	1	0	0	467	573	
10	1	1	0	0	525	576	
11	1	1	0	0	452	573	
12	1	1	0	0	437	634	
13	1	1	0	0	375	622	
14	1	1	0	0	575	572	
15	1	1	0	0	462	715	
0	1	1	0	0	451	719	
1	1	1	0	0	468	301	
2	1	1	0	0	547	158	
3	1	1	0	0	637	435	
4	1	1	0	0	642	527	
5	1	1	0	0	511	569	
6	1	1	0	0	553	374	
7	1	1	0	0	527	358	
8	1	1	0	0	576	444	
9	1	1	0	0	462	522	
10	1	1	0	0	560	365	
11	1	1	0	0	457	490	
12	1	1	0	0	560	445	
13	1	1	0	0	457	514	
14	1	1	0	0	544	474	
15	1	1	0	0	459	573	
0	1	1	0	0	553	507	
1	1	1	0	0	477	569	
2	1	1	0	0	540	487	
3	1	1	0	0	470	555	
4	1	1	0	0	543	503	
5	1	1	0	0	459	543	
6	1	1	0	0	552	480	
7	1	1	0	0	461	532	
8	1	1	0	0	563	508	
9	1	1	0	0	460	564	
10	1	1	0	0	534	479	
11	1	1	0	0	464	551	
12	1	1	0	0	551	487	
13	1	1	0	0	494	553	
14	1	1	0	0	532	496	
15	1	1	0	0	463	559	
0	1	1	0	0	544	483	
1	1	1	0	0	465	543	
2	1	1	0	0	535	488	
3	1	1	0	0	471	560	
4	1	1	0	0	543	479	
5	1	1	0	0	476	555	
6	1	1	0	0	558	477	
7	1	1	0	0	459	566	
8	1	1	0	0	543	478	
9	1	1	0	0	465	553	
10	1	1	0	0	551	484	
11	1	1	0	0	461	553	
12	1	1	0	0	530	484	
13	1	1	0	0	483	544	
14	1	1	0	0	556	494	
15	1	1	0	0	456	533	
0	1	1	0	0	532	477	
1	1	1	0	0	465	558	
2	1	1	0	0	542	473	
3	1	1	0	0	464	546	
4	1	1	0	0	551	494	
5	1	1	0	0	468	542	
6	1	1	0	0	550	483	
7	1	1	0	0	468	533	
8	1	1	0	0	529	478	
9	1	1	0	0	476	547	
10	1	1	0	0	547	504	
11	1	1	0	0	476	548	
12	1	1	0	0	533	486	
13	1	1	0	0	466	557	
14	1	1	0	0	543	480	
15	1	1	0	0	472	555	
0	1	1	0	0	567	494	
1	1	1	0	0	455	526	
2	1	1	0	0	547	497	
3	1	1	0	0	476	540	
4	1	1	0	0	543	493	
5	1	1	0	0	455	550	
6	1	1	0	0	545	494	
7	1	1	0	0	465	554	
8	1	1	0	0	540	483	
9	1	1	0	0	480	564	
10	1	1	0	0	558	491	
11	1	1	0	0	475	534	
12	1	1	0	0	551	492	
13	1	1	0	0	451	542	
14	1	1	0	0	541	504	
15	1	1	0	0	476	540	
0	1	1	0	0	537	490	
1	1	1	0	0	473	536	
2	1	1	0	0	538	491	
3	1	1	0	0	460	557	
4	1	1	0	0	555	496	
5	1	1	0	0	463	534	
6	1	1	0	0	544	492	
7	1	1	0	0	472	547	
8	1	1	0	0	531	496	
9	1	1	0	0	473	550	
10	1	1	0	0	531	485	
11	1	1	0	0	468	554	
12	1	1	0	0	547	485	
13	1	1	0	0	467	535	
14	1	1	0	0	543	488	
15	1	1	0	0	469	554	
0	1	1	0	0	540	483	
1	1	1	0	0	474	544	
2	1	1	0	0	536	494	
3	1	1	0	0	463	547	
4	1	1	0	0	552	491	
5	1	1	0	0	473	558	
6	1	1	0	0	539	496	
7	1	1	0	0	469	551	
8	1	1	0	0	539	486	
9	1	1	0	0	472	556	
10	1	1	0	0	540	483	
11	1	1	0	0	463	534	
12	1	1	0	0	541	491	
13	1	1	0	0	459	545	
14	1	1	0	0	549	496	
15	1	1	0	0	478	550	
0	1	1	0	0	541	492	
1	1	1	0	0	470	564	
2	1	1	0	0	540	490	
3	1	1	0	0	467	531	
4	1	1	0	0	542	478	
5	1	1	0	0	469	544	
6	1	1	0	0	546	483	
7	1	1	0	0	472	544	
8	1	1	0	0	540	488	
9	1	1	0	0	466	551	
10	1	1	0	0	539	481	
11	1	1	0	0	473	561	
12	1	1	0	0	541	497	
13	1	1	0	0	466	558	
14	1	1	0	0	561	469	
15	1	1	0	0	459	535	
0	1	1	0	0	559	492	
1	1	1	0	0	490	546	
2	1	1	0	0	514	471	
3	1	1	0	0	489	528	
4	1	1	0	0	548	491	
5	1	1	0	0	458	497	
6	1	1	0	0	555	448	
7	1	1	0	0	464	487	
8	1	1	0	0	549	471	
9	1	1	0	0	495	541	
10	1	1	0	0	525	463	
11	1	1	0	0	463	556	
12	1	1	0	0	545	489	
13	1	1	0	0	474	508	
14	1	1	0	0	512	463	
15	1	1	0	0	491	543	
0	1	1	0	0	536	583	
1	1	1	0	0	503	580	
2	1	1	0	0	524	456	
3	1	1	0	0	497	463	
4	1	1	0	0	525	533	
5	1	1	0	0	498	523	
6	1	1	0	0	503	500	
7	1	1	0	0	480	508	
8	1	1	0	0	518	484	
9	1	1	0	0	476	495	
10	1	1	0	0	515	510	
11	1	1	0	0	471	522	
12	1	1	0	0	545	528	
13	1	1	0	0	484	508	
14	1	1	0	0	530	473	
15	1	1	0	0	474	539	
0	1	1	0	0	551	566	
1	1	1	0	0	480	514	
2	1	1	0	0	530	529	
3	1	1	0	0	486	510	
4	1	1	0	0	546	538	
5	1	1	0	0	489	493	
6	1	1	0	0	530	529	
7	1	1	0	0	472	508	
8	1	1	0	0	543	523	
9	1	1	0	0	488	520	
10	1	1	0	0	509	521	
11	1	1	0	0	489	506	
12	1	1	0	0	518	536	
13	1	1	0	0	484	514	
14	1	1	0	0	527	511	
15	1	1	0	0	485	507	
0	1	1	0	0	527	509	
1	1	1	0	0	486	511	
2	1	1	0	0	531	508	
3	1	1	0	0	478	506	
4	1	1	0	0	539	514	
5	1	1	0	0	486	502	
6	1	1	0	0	529	510	
7	1	1	0	0	487	518	
8	1	1	0	0	529	511	
9	1	1	0	0	487	514	
10	1	1	0	0	530	509	
11	1	1	0	0	489	518	
12	1	1	0	0	536	510	
13	1	1	0	0	478	515	
14	1	1	0	0	531	507	
15	1	1	0	0	483	511	
0	1	1	0	0	541	515	
1	1	1	0	0	484	505	
2	1	1	0	0	536	512	
3	1	1	0	0	484	491	
4	1	1	0	0	529	509	
5	1	1	0	0	489	517	
6	1	1	0	0	538	514	
7	1	1	0	0	481	504	
8	1	1	0	0	538	519	
9	1	1	0	0	491	510	
10	1	1	0	0	528	509	
11	1	1	0	0	482	513	
12	1	1	0	0	529	512	
13	1	1	0	0	480	505	
14	1	1	0	0	529	512	
15	1	1	0	0	484	502	
0	1	1	0	0	530	519	
1	1	1	0	0	481	513	
2	1	1	0	0	538	511	
3	1	1	0	0	484	523	
4	1	1	0	0	537	510	
5	1	1	0	0	482	518	
6	1	1	0	0	531	524	
7	1	1	0	0	479	504	
8	1	1	0	0	530	512	
9	1	1	0	0	483	512	
10	1	1	0	0	534	508	
11	1	1	0	0	485	546	
12	1	1	0	0	536	504	
13	1	1	0	0	479	510	
14	1	1	0	0	540	499	
15	1	1	0	0	484	505	
0	1	1	0	0	524	498	
1	1	1	0	0	485	521	
2	1	1	0	0	532	499	
3	1	1	0	0	484	508	
4	1	1	0	0	537	510	
5	1	1	0	0	481	519	
6	1	1	0	0	534	512	
7	1	1	0	0	484	513	
8	1	1	0	0	530	512	
9	1	1	0	0	478	511	
10	1	1	0	0	536	505	
11	1	1	0	0	480	509	
12	1	1	0	0	536	513	
13	1	1	0	0	478	517	
14	1	1	0	0	532	506	
15	1	1	0	0	487	508	
0	1	1	0	0	538	516	
1	1	1	0	0	479	513	
2	1	1	0	0	534	508	
3	1	1	0	0	482	504	
4	1	1	0	0	536	519	
5	1	1	0	0	489	513	
6	1	1	0	0	533	512	
7	1	1	0	0	479	502	
8	1	1	0	0	529	510	
9	1	1	0	0	487	512	
10	1	1	0	0	532	515	
11	1	1	0	0	479	515	
12	1	1	0	0	530	507	
13	1	1	0	0	481	515	
14	1	1	0	0	534	508	
15	1	1	0	0	482	500	
0	1	1	0	0	540	510	
1	1	1	0	0	485	513	
2	1	1	0	0	536	510	
3	1	1	0	0	477	516	
4	1	1	0	0	528	510	
5	1	1	0	0	482	516	
6	1	1	0	0	532	515	
7	1	1	0	0	481	504	
8	1	1	0	0	540	511	
9	1	1	0	0	484	518	
10	1	1	0	0	532	504	
11	1	1	0	0	487	505	
12	1	1	0	0	536	516	
13	1	1	0	0	486	523	
14	1	1	0	0	535	513	
15	1	1	0	0	481	522	
0	1	1	0	0	532	523	
1	1	1	0	0	482	504	
2	1	1	0	0	532	504	
3	1	1	0	0	484	514	
4	1	1	0	0	527	517	
5	1	1	0	0	487	502	
6	1	1	0	0	528	513	
7	1	1	0	0	479	507	
8	1	1	0	0	538	502	
9	1	1	0	0	483	512	
10	1	1	0	0	535	520	
11	1	1	0	0	484	522	
12	1	1	0	0	532	515	
13	1	1	0	0	478	507	
14	1	1	0	0	534	515	
15	1	1	0	0	481	512	
0	1	1	0	0	534	492	
1	1	1	0	0	487	518	
2	1	1	0	0	534	514	
3	1	1	0	0	489	503	
4	1	1	0	0	531	507	
5	1	1	0	0	485	509	
6	1	1	0	0	530	510	
7	1	1	0	0	479	511	
8	1	1	0	0	534	510	
9	1	1	0	0	481	516	
10	1	1	0	0	533	518	
11	1	1	0	0	477	512	
12	1	1	0	0	537	510	
13	1	1	0	0	494	513	
14	1	1	0	0	533	496	
15	1	1	0	0	476	503	
0	1	1	0	0	521	511	
1	1	1	0	0	468	535	
2	1	1	0	0	515	648	
3	1	1	0	0	434	608	
4	1	1	0	0	491	650	
5	1	1	0	0	352	858	
6	1	1	0	0	404	889	
7	1	1	0	0	451	666	
8	1	1	0	0	474	292	
9	1	1	0	0	440	582	
10	1	1	0	0	601	734	
11	1	1	0	0	448	48	
12	1	1	0	0	555	0	
13	1	1	0	0	642	227	
14	1	1	0	0	555	735	
15	1	1	0	0	507	708	
0	1	1	0	0	592	467	
1	1	1	0	0	498	519	
2	1	1	0	0	583	463	
3	1	1	0	0	477	498	
4	1	1	0	0	557	444	
5	1	1	0	0	420	562	
6	1	1	0	0	524	441	
7	1	1	0	0	463	510	
8	1	1	0	0	527	483	
9	1	1	0	0	473	570	
10	1	1	0	0	558	558	
11	1	1	0	0	472	563	
12	1	1	0	0	572	491	
13	1	1	0	0	417	556	
14	1	1	0	0	501	494	
15	1	1	0	0	497	600	
0	1	1	0	0	557	409	
1	1	1	0	0	460	530	
2	1	1	0	0	552	504	
3	1	1	0	0	451	592	
4	1	1	0	0	555	452	
5	1	1	0	0	465	529	
6	1	1	0	0	530	503	
7	1	1	0	0	464	597	
8	1	1	0	0	577	491	
9	1	1	0	0	457	571	
10	1	1	0	0	545	491	
11	1	1	0	0	457	553	
12	1	1	0	0	548	469	
13	1	1	0	0	491	519	
14	1	1	0	0	552	497	
15	1	1	0	0	463	569	
0	1	1	0	0	565	514	
1	1	1	0	0	479	548	
2	1	1	0	0	527	472	
3	1	1	0	0	470	526	
4	1	1	0	0	551	484	
5	1	1	0	0	454	559	
6	1	1	0	0	541	478	
7	1	1	0	0	460	569	
8	1	1	0	0	550	509	
9	1	1	0	0	459	549	
10	1	1	0	0	536	486	
11	1	1	0	0	480	556	
12	1	1	0	0	536	457	
13	1	1	0	0	487	542	
14	1	1	0	0	548	472	
15	1	1	0	0	475	582	
0	1	1	0	0	562	487	
1	1	1	0	0	441	537	
2	1	1	0	0	543	470	
3	1	1	0	0	477	590	
4	1	1	0	0	554	497	
5	1	1	0	0	479	536	
6	1	1	0	0	540	476	
7	1	1	0	0	475	555	
8	1	1	0	0	543	486	
9	1	1	0	0	447	551	
10	1	1	0	0	548	484	
11	1	1	0	0	470	535	
12	1	1	0	0	546	487	
13	1	1	0	0	477	548	
14	1	1	0	0	541	482	
15	1	1	0	0	454	562	
0	1	1	0	0	553	497	
1	1	1	0	0	465	537	
2	1	1	0	0	536	471	
3	1	1	0	0	471	559	
4	1	1	0	0	553	492	
5	1	1	0	0	449	562	
6	1	1	0	0	548	476	
7	1	1	0	0	469	563	
8	1	1	0	0	550	473	
9	1	1	0	0	462	527	
10	1	1	0	0	540	489	
11	1	1	0	0	470	557	
12	1	1	0	0	544	494	
13	1	1	0	0	456	553	
14	1	1	0	0	550	464	
15	1	1	0	0	479	539	
0	1	1	0	0	525	502	
1	1	1	0	0	460	554	
2	1	1	0	0	542	484	
3	1	1	0	0	467	558	
4	1	1	0	0	548	476	
5	1	1	0	0	467	551	
6	1	1	0	0	547	480	
7	1	1	0	0	476	559	
8	1	1	0	0	534	493	
9	1	1	0	0	453	548	
10	1	1	0	0	553	479	
11	1	1	0	0	468	527	
12	1	1	0	0	566	488	
13	1	1	0	0	459	563	
14	1	1	0	0	550	480	
15	1	1	0	0	472	550	
0	1	1	0	0	550	487	
1	1	1	0	0	446	579	
2	1	1	0	0	548	481	
3	1	1	0	0	461	564	
4	1	1	0	0	536	494	
5	1	1	0	0	452	558	
6	1	1	0	0	536	485	
7	1	1	0	0	455	556	
8	1	1	0	0	542	479	
9	1	1	0	0	493	560	
10	1	1	0	0	543	487	
11	1	1	0	0	468	549	
12	1	1	0	0	551	467	
13	1	1	0	0	456	553	
14	1	1	0	0	540	492	
15	1	1	0	0	463	564	
0	1	1	0	0	538	481	
1	1	1	0	0	468	566	
2	1	1	0	0	558	482	
3	1	1	0	0	464	558	
4	1	1	0	0	560	493	
5	1	1	0	0	474	547	
6	1	1	0	0	533	465	
7	1	1	0	0	471	564	
8	1	1	0	0	550	475	
9	1	1	0	0	463	543	
10	1	1	0	0	545	417	
11	1	1	0	0	466	543	
12	1	1	0	0	538	492	
13	1	1	0	0	454	521	
14	1	1	0	0	566	479	
15	1	1	0	0	456	564	
0	1	1	0	0	555	487	
1	1	1	0	0	477	526	
2	1	1	0	0	547	496	
3	1	1	0	0	489	524	
4	1	1	0	0	538	480	
5	1	1	0	0	494	545	
6	1	1	0	0	559	494	
7	1	1	0	0	498	540	
8	1	1	0	0	545	476	
9	1	1	0	0	484	502	
10	1	1	0	0	529	504	
11	1	1	0	0	440	542	
12	1	1	0	0	522	499	
13	1	1	0	0	428	531	
14	1	1	0	0	512	505	
15	1	1	0	0	486	548	
0	1	1	0	0	559	614	
1	1	1	0	0	508	533	
2	1	1	0	0	536	462	
3	1	1	0	0	463	487	
4	1	1	0	0	540	502	
5	1	1	0	0	480	496	
6	1	1	0	0	541	480	
7	1	1	0	0	472	513	
8	1	1	0	0	537	510	
9	1	1	0	0	512	536	
10	1	1	0	0	510	503	
11	1	1	0	0	479	484	
12	1	1	0	0	543	522	
13	1	1	0	0	468	502	
14	1	1	0	0	532	550	
15	1	1	0	0	491	535	
0	1	1	0	0	534	536	
1	1	1	0	0	492	516	
2	1	1	0	0	536	543	
3	1	1	0	0	488	517	
4	1	1	0	0	512	547	
5	1	1	0	0	483	522	
6	1	1	0	0	534	537	
7	1	1	0	0	470	505	
8	1	1	0	0	550	522	
9	1	1	0	0	481	525	
10	1	1	0	0	533	524	
11	1	1	0	0	476	505	
12	1	1	0	0	516	499	
13	1	1	0	0	488	499	
14	1	1	0	0	542	524	
15	1	1	0	0	479	510	
0	1	1	0	0	539	519	
1	1	1	0	0	476	505	
2	1	1	0	0	541	510	
3	1	1	0	0	475	506	
4	1	1	0	0	540	515	
5	1	1	0	0	477	515	
6	1	1	0	0	533	513	
7	1	1	0	0	476	496	
8	1	1	0	0	534	514	
9	1	1	0	0	483	503	
10	1	1	0	0	531	509	
11	1	1	0	0	481	510	
12	1	1	0	0	538	519	
13	1	1	0	0	476	498	
14	1	1	0	0	534	527	
15	1	1	0	0	479	499	
0	1	1	0	0	541	508	
1	1	1	0	0	481	509	
2	1	1	0	0	533	521	
3	1	1	0	0	482	509	
4	1	1	0	0	534	507	
5	1	1	0	0	486	508	
6	1	1	0	0	534	511	
7	1	1	0	0	480	492	
8	1	1	0	0	535	512	
9	1	1	0	0	478	509	
10	1	1	0	0	529	521	
11	1	1	0	0	481	498	
12	1	1	0	0	537	518	
13	1	1	0	0	474	505	
14	1	1	0	0	536	516	
15	1	1	0	0	478	519	
0	1	1	0	0	537	510	
1	1	1	0	0	478	498	
2	1	1	0	0	538	513	
3	1	1	0	0	478	510	
4	1	1	0	0	537	513	
5	1	1	0	0	485	504	
6	1	1	0	0	531	524	
7	1	1	0	0	478	510	
8	1	1	0	0	529	525	
9	1	1	0	0	478	512	
10	1	1	0	0	531	516	
11	1	1	0	0	494	502	
12	1	1	0	0	532	511	
13	1	1	0	0	483	513	
14	1	1	0	0	530	521	
15	1	1	0	0	475	507	
0	1	1	0	0	538	503	
1	1	1	0	0	479	518	
2	1	1	0	0	534	511	
3	1	1	0	0	477	513	
4	1	1	0	0	535	505	
5	1	1	0	0	478	502	
6	1	1	0	0	540	526	
7	1	1	0	0	480	502	
8	1	1	0	0	534	498	
9	1	1	0	0	481	506	
10	1	1	0	0	542	509	
11	1	1	0	0	479	496	
12	1	1	0	0	531	510	
13	1	1	0	0	472	508	
14	1	1	0	0	536	542	
15	1	1	0	0	477	499	
0	1	1	0	0	532	521	
1	1	1	0	0	476	494	
2	1	1	0	0	533	515	
3	1	1	0	0	480	503	
4	1	1	0	0	535	497	
5	1	1	0	0	477	516	
6	1	1	0	0	536	521	
7	1	1	0	0	479	504	
8	1	1	0	0	538	508	
9	1	1	0	0	481	508	
10	1	1	0	0	538	518	
11	1	1	0	0	479	503	
12	1	1	0	0	538	524	
13	1	1	0	0	477	508	
14	1	1	0	0	540	510	
15	1	1	0	0	475	515	
0	1	1	0	0	541	516	
1	1	1	0	0	477	505	
2	1	1	0	0	532	511	
3	1	1	0	0	476	496	
4	1	1	0	0	540	508	
5	1	1	0	0	479	512	
6	1	1	0	0	529	520	
7	1	1	0	0	476	510	
8	1	1	0	0	536	518	
9	1	1	0	0	476	508	
10	1	1	0	0	535	510	
11	1	1	0	0	477	506	
12	1	1	0	0	537	507	
13	1	1	0	0	479	512	
14	1	1	0	0	539	518	
15	1	1	0	0	480	498	
0	1	1	0	0	535	518	
1	1	1	0	0	468	505	
2	1	1	0	0	533	500	
3	1	1	0	0	495	508	
4	1	1	0	0	519	540	
5	1	1	0	0	446	580	
6	1	1	0	0	530	555	
7	1	1	0	0	417	670	
8	1	1	0	0	440	628	
9	1	1	0	0	365	898	
10	1	1	0	0	495	1022	
11	1	1	0	0	395	696	
12	1	1	0	0	463	619	
13	1	1	0	0	407	1022	
14	1	1	0	0	735	916	
15	1	1	0	0	581	620	
0	1	1	0	0	516	542	
1	1	1	0	0	619	520	
2	1	1	0	0	589	512	
3	1	1	0	0	465	511	
4	1	1	0	0	661	508	
5	1	1	0	0	403	510	
6	1	1	0	0	596	509	
7	1	1	0	0	472	509	
8	1	1	0	0	531	509	
9	1	1	0	0	500	509	
10	1	1	0	0	477	507	
11	1	1	0	0	508	508	
12	1	1	0	0	575	508	
13	1	1	0	0	440	507	
14	1	1	0	0	568	506	
15	1	1	0	0	429	508	
0	1	1	0	0	554	508	
1	1	1	0	0	476	505	
2	1	1	0	0	519	506	
3	1	1	0	0	449	507	
4	1	1	0	0	550	508	
5	1	1	0	0	483	508	
6	1	1	0	0	547	507	
7	1	1	0	0	470	508	
8	1	1	0	0	541	506	
9	1	1	0	0	443	507	
10	1	1	0	0	556	509	
11	1	1	0	0	459	508	
12	1	1	0	0	559	507	
13	1	1	0	0	467	506	
14	1	1	0	0	531	508	
15	1	1	0	0	455	507	
0	1	1	0	0	547	507	
1	1	1	0	0	450	507	
2	1	1	0	0	523	505	
3	1	1	0	0	480	507	
4	1	1	0	0	554	507	
5	1	1	0	0	444	507	
6	1	1	0	0	539	507	
7	1	1	0	0	440	507	
8	1	1	0	0	564	507	
9	1	1	0	0	459	508	
10	1	1	0	0	545	507	
11	1	1	0	0	441	508	
12	1	1	0	0	542	506	
13	1	1	0	0	448	507	
14	1	1	0	0	572	505	
15	1	1	0	0	457	507	
0	1	1	0	0	553	507	
1	1	1	0	0	447	505	
2	1	1	0	0	558	507	
3	1	1	0	0	464	507	
4	1	1	0	0	579	506	
5	1	1	0	0	431	508	
6	1	1	0	0	551	505	
7	1	1	0	0	467	506	
8	1	1	0	0	558	507	
9	1	1	0	0	471	508	
10	1	1	0	0	556	507	
11	1	1	0	0	478	506	
12	1	1	0	0	552	508	
13	1	1	0	0	444	507	
14	1	1	0	0	552	508	
15	1	1	0	0	441	506	
0	1	1	0	0	554	505	
1	1	1	0	0	490	507	
2	1	1	0	0	539	507	
3	1	1	0	0	473	507	
4	1	1	0	0	542	507	
5	1	1	0	0	437	506	
6	1	1	0	0	550	506	
7	1	1	0	0	455	507	
8	1	1	0	0	551	507	
9	1	1	0	0	455	506	
10	1	1	0	0	551	506	
11	1	1	0	0	467	507	
12	1	1	0	0	559	507	
13	1	1	0	0	447	506	
14	1	1	0	0	543	506	
15	1	1	0	0	469	505	
0	1	1	0	0	548	507	
1	1	1	0	0	484	507	
2	1	1	0	0	554	506	
3	1	1	0	0	446	506	
4	1	1	0	0	555	507	
5	1	1	0	0	459	507	
6	1	1	0	0	559	508	
7	1	1	0	0	457	507	
8	1	1	0	0	543	506	
9	1	1	0	0	457	505	
10	1	1	0	0	542	506	
11	1	1	0	0	455	508	
12	1	1	0	0	555	507	
13	1	1	0	0	463	507	
14	1	1	0	0	528	505	
15	1	1	0	0	465	507	
0	1	1	0	0	554	507	
1	1	1	0	0	454	506	
2	1	1	0	0	559	508	
3	1	1	0	0	458	505	
4	1	1	0	0	544	507	
5	1	1	0	0	473	506	
6	1	1	0	0	548	508	
7	1	1	0	0	428	506	
8	1	1	0	0	530	505	
9	1	1	0	0	463	507	
10	1	1	0	0	563	507	
11	1	1	0	0	448	508	
12	1	1	0	0	544	507	
13	1	1	0	0	484	505	
14	1	1	0	0	553	507	
15	1	1	0	0	432	507	
0	1	1	0	0	560	508	
1	1	1	0	0	457	508	
2	1	1	0	0	544	507	
3	1	1	0	0	472	508	
4	1	1	0	0	551	508	
5	1	1	0	0	465	508	
6	1	1	0	0	542	506	
7	1	1	0	0	467	506	
8	1	1	0	0	537	507	
9	1	1	0	0	445	507	
10	1	1	0	0	552	507	
11	1	1	0	0	462	507	
12	1	1	0	0	534	506	
13	1	1	0	0	443	505	
14	1	1	0	0	536	507	
15	1	1	0	0	445	506	
0	1	1	0	0	545	507	
1	1	1	0	0	463	506	
2	1	1	0	0	543	506	
3	1	1	0	0	463	507	
4	1	1	0	0	546	507	
5	1	1	0	0	470	506	
6	1	1	0	0	551	507	
7	1	1	0	0	463	507	
8	1	1	0	0	539	507	
9	1	1	0	0	483	507	
10	1	1	0	0	549	505	
11	1	1	0	0	466	505	
12	1	1	0	0	542	505	
13	1	1	0	0	438	507	
14	1	1	0	0	545	507	
15	1	1	0	0	477	506	
0	1	1	0	0	585	506	
1	1	1	0	0	450	506	
2	1	1	0	0	589	505	
3	1	1	0	0	474	0	
4	1	1	0	0	553	0	
5	1	1	0	0	459	265	
6	1	1	0	0	522	435	
7	1	1	0	0	472	481	
8	1	1	0	0	539	495	
9	1	1	0	0	476	499	
10	1	1	0	0	544	502	
11	1	1	0	0	462	503	
12	1	1	0	0	541	504	
13	1	1	0	0	447	504	
14	1	1	0	0	531	504	
15	1	1	0	0	487	505	
0	1	1	0	0	524	505	
1	1	1	0	0	476	505	
2	1	1	0	0	535	506	
3	1	1	0	0	464	505	
4	1	1	0	0	540	506	
5	1	1	0	0	477	506	
6	1	1	0	0	553	506	
7	1	1	0	0	478	506	
8	1	1	0	0	497	506	
9	1	1	0	0	451	507	
10	1	1	0	0	572	506	
11	1	1	0	0	460	506	
12	1	1	0	0	552	506	
13	1	1	0	0	488	506	
14	1	1	0	0	534	507	
15	1	1	0	0	457	507	
0	1	1	0	0	541	507	
1	1	1	0	0	496	507	
2	1	1	0	0	539	507	
3	1	1	0	0	468	507	
4	1	1	0	0	554	507	
5	1	1	0	0	487	507	
6	1	1	0	0	528	507	
7	1	1	0	0	471	507	
8	1	1	0	0	540	507	
9	1	1	0	0	491	507	
10	1	1	0	0	524	507	
11	1	1	0	0	481	507	
12	1	1	0	0	525	507	
13	1	1	0	0	492	507	
14	1	1	0	0	536	507	
15	1	1	0	0	476	507	
0	1	1	0	0	542	507	
1	1	1	0	0	463	507	
2	1	1	0	0	542	507	
3	1	1	0	0	483	507	
4	1	1	0	0	540	507	
5	1	1	0	0	482	507	
6	1	1	0	0	531	507	
7	1	1	0	0	469	508	
8	1	1	0	0	538	507	
9	1	1	0	0	471	507	
10	1	1	0	0	539	507	
11	1	1	0	0	480	507	
12	1	1	0	0	546	508	
13	1	1	0	0	480	507	
14	1	1	0	0	529	507	
15	1	1	0	0	472	507	
0	1	1	0	0	542	507	
1	1	1	0	0	474	508	
2	1	1	0	0	539	507	
3	1	1	0	0	477	507	
4	1	1	0	0	538	507	
5	1	1	0	0	476	507	
6	1	1	0	0	536	508	
7	1	1	0	0	481	507	
8	1	1	0	0	542	507	
9	1	1	0	0	483	507	
10	1	1	0	0	539	507	
11	1	1	0	0	478	508	
12	1	1	0	0	541	507	
13	1	1	0	0	472	507	
14	1	1	0	0	533	507	
15	1	1	0	0	484	507	
0	1	1	0	0	533	508	
1	1	1	0	0	472	507	
2	1	1	0	0	544	507	
3	1	1	0	0	478	507	
4	1	1	0	0	535	507	
5	1	1	0	0	480	508	
6	1	1	0	0	540	507	
7	1	1	0	0	478	507	
8	1	1	0	0	537	507	
9	1	1	0	0	480	507	
10	1	1	0	0	535	508	
11	1	1	0	0	472	507	
12	1	1	0	0	538	507	
13	1	1	0	0	486	507	
14	1	1	0	0	536	507	
15	1	1	0	0	483	508	
0	1	1	0	0	537	507	
1	1	1	0	0	473	507	
2	1	1	0	0	530	508	
3	1	1	0	0	484	507	
4	1	1	0	0	537	508	
5	1	1	0	0	475	507	
6	1	1	0	0	539	507	
7	1	1	0	0	475	507	
8	1	1	0	0	548	507	
9	1	1	0	0	475	508	
10	1	1	0	0	535	507	
11	1	1	0	0	479	507	
12	1	1	0	0	537	507	
13	1	1	0	0	478	507	
14	1	1	0	0	536	508	
15	1	1	0	0	479	507	
0	1	1	0	0	533	507	
1	1	1	0	0	482	508	
2	1	1	0	0	537	507	
3	1	1	0	0	483	508	
4	1	1	0	0	533	1020	
5	1	1	0	0	479	1022	
6	1	1	0	0	532	1022	
7	1	1	0	0	476	812	
8	1	1	0	0	536	630	
9	1	1	0	0	478	547	
10	1	1	0	0	536	551	
11	1	1	0	0	487	517	
12	1	1	0	0	529	537	
13	1	1	0	0	481	511	
14	1	1	0	0	532	527	
15	1	1	0	0	481	501	
0	1	1	0	0	537	518	
1	1	1	0	0	483	507	
2	1	1	0	0	531	520	
3	1	1	0	0	480	517	
4	1	1	0	0	533	537	
5	1	1	0	0	479	511	
6	1	1	0	0	537	507	
7	1	1	0	0	491	494	
8	1	1	0	0	530	503	
9	1	1	0	0	480	508	
10	1	1	0	0	535	518	
11	1	1	0	0	484	502	
12	1	1	0	0	537	521	
13	1	1	0	0	479	508	
14	1	1	0	0	531	505	
15	1	1	0	0	481	503	
0	1	1	0	0	533	502	
1	1	1	0	0	476	518	
2	1	1	0	0	539	522	
3	1	1	0	0	476	499	
4	1	1	0	0	530	526	
5	1	1	0	0	483	494	
6	1	1	0	0	534	520	
7	1	1	0	0	489	501	
8	1	1	0	0	539	498	
9	1	1	0	0	478	521	
10	1	1	0	0	537	512	
11	1	1	0	0	477	504	
12	1	1	0	0	531	505	
13	1	1	0	0	481	504	
14	1	1	0	0	534	524	
15	1	1	0	0	484	518	
0	1	1	0	0	538	528	
1	1	1	0	0	493	496	
2	1	1	0	0	521	515	
3	1	1	0	0	468	537	
4	1	1	0	0	519	547	
5	1	1	0	0	487	518	
6	1	1	0	0	520	586	
7	1	1	0	0	466	603	
8	1	1	0	0	519	601	
9	1	1	0	0	483	629	
10	1	1	0	0	483	786	
11	1	1	0	0	352	653	
12	1	1	0	0	472	616	
13	1	1	0	0	424	635	
14	1	1	0	0	442	452	
15	1	1	0	0	475	784	
0	1	1	0	0	559	186	
1	1	1	0	0	545	111	
2	1	1	0	0	639	278	
3	1	1	0	0	537	765	
4	1	1	0	0	574	491	
5	1	1	0	0	521	196	
6	1	1	0	0	620	351	
7	1	1	0	0	519	627	
8	1	1	0	0	518	498	
9	1	1	0	0	450	404	
10	1	1	0	0	536	435	
11	1	1	0	0	503	519	
12	1	1	0	0	589	502	
13	1	1	0	0	449	589	
14	1	1	0	0	524	513	
15	1	1	0	0	472	557	
0	1	1	0	0	501	475	
1	1	1	0	0	443	498	
2	1	1	0	0	527	500	
3	1	1	0	0	450	580	
4	1	1	0	0	544	482	
5	1	1	0	0	448	532	
6	1	1	0	0	558	467	
7	1	1	0	0	474	551	
8	1	1	0	0	525	473	
9	1	1	0	0	444	560	
10	1	1	0	0	565	504	
11	1	1	0	0	472	540	
12	1	1	0	0	532	505	
13	1	1	0	0	488	556	
14	1	1	0	0	544	491	
15	1	1	0	0	459	519	
0	1	1	0	0	540	500	
1	1	1	0	0	453	557	
2	1	1	0	0	563	462	
3	1	1	0	0	448	539	
4	1	1	0	0	551	496	
5	1	1	0	0	462	541	
6	1	1	0	0	548	487	
7	1	1	0	0	481	531	
8	1	1	0	0	535	482	
9	1	1	0	0	424	543	
10	1	1	0	0	560	496	
11	1	1	0	0	446	533	
12	1	1	0	0	556	489	
13	1	1	0	0	465	525	
14	1	1	0	0	553	479	
15	1	1	0	0	462	529	
0	1	1	0	0	526	488	
1	1	1	0	0	467	517	
2	1	1	0	0	549	501	
3	1	1	0	0	449	549	
4	1	1	0	0	547	472	
5	1	1	0	0	463	555	
6	1	1	0	0	544	492	
7	1	1	0	0	449	529	
8	1	1	0	0	551	492	
9	1	1	0	0	463	527	
10	1	1	0	0	554	490	
11	1	1	0	0	454	508	
12	1	1	0	0	550	492	
13	1	1	0	0	469	543	
14	1	1	0	0	545	470	
15	1	1	0	0	470	532	
0	1	1	0	0	542	486	
1	1	1	0	0	458	549	
2	1	1	0	0	555	455	
3	1	1	0	0	457	548	
4	1	1	0	0	535	477	
5	1	1	0	0	467	540	
6	1	1	0	0	550	481	
7	1	1	0	0	461	521	
8	1	1	0	0	561	496	
9	1	1	0	0	464	544	
10	1	1	0	0	542	478	
11	1	1	0	0	456	540	
12	1	1	0	0	557	467	
13	1	1	0	0	460	538	
14	1	1	0	0	551	481	
15	1	1	0	0	451	538	
0	1	1	0	0	555	491	
1	1	1	0	0	457	536	
2	1	1	0	0	564	476	
3	1	1	0	0	451	527	
4	1	1	0	0	545	475	
5	1	1	0	0	470	536	
6	1	1	0	0	546	491	
7	1	1	0	0	461	522	
8	1	1	0	0	551	486	
9	1	1	0	0	467	525	
10	1	1	0	0	536	493	
11	1	1	0	0	491	539	
12	1	1	0	0	556	495	
13	1	1	0	0	474	521	
14	1	1	0	0	530	475	
15	1	1	0	0	456	531	
0	1	1	0	0	545	491	
1	1	1	0	0	464	541	
2	1	1	0	0	539	495	
3	1	1	0	0	463	540	
4	1	1	0	0	559	489	
5	1	1	0	0	461	546	
6	1	1	0	0	556	483	
7	1	1	0	0	468	521	
8	1	1	0	0	550	475	
9	1	1	0	0	450	551	
10	1	1	0	0	546	479	
11	1	1	0	0	460	496	
12	1	1	0	0	562	489	
13	1	1	0	0	478	508	
14	1	1	0	0	562	498	
15	1	1	0	0	466	498	
0	1	1	0	0	556	476	
1	1	1	0	0	471	507	
2	1	1	0	0	545	494	
3	1	1	0	0	472	532	
4	1	1	0	0	546	489	
5	1	1	0	0	457	536	
6	1	1	0	0	535	504	
7	1	1	0	0	474	524	
8	1	1	0	0	565	467	
9	1	1	0	0	476	482	
10	1	1	0	0	531	497	
11	1	1	0	0	459	542	
12	1	1	0	0	517	516	
13	1	1	0	0	476	494	
14	1	1	0	0	558	465	
15	1	1	0	0	495	493	
0	1	1	0	0	541	512	
1	1	1	0	0	459	519	
2	1	1	0	0	534	465	
3	1	1	0	0	464	512	
4	1	1	0	0	548	473	
5	1	1	0	0	478	495	
6	1	1	0	0	546	523	
7	1	1	0	0	463	508	
8	1	1	0	0	540	476	
9	1	1	0	0	497	515	
10	1	1	0	0	561	491	
11	1	1	0	0	452	503	
12	1	1	0	0	529	492	
13	1	1	0	0	455	580	
14	1	1	0	0	525	516	
15	1	1	0	0	448	507	
0	1	1	0	0	550	552	
1	1	1	0	0	505	574	
2	1	1	0	0	547	487	
3	1	1	0	0	459	462	
4	1	1	0	0	536	405	
5	1	1	0	0	476	481	
6	1	1	0	0	522	581	
7	1	1	0	0	467	507	
8	1	1	0	0	550	568	
9	1	1	0	0	443	410	
10	1	1	0	0	538	435	
11	1	1	0	0	472	498	
12	1	1	0	0	565	526	
13	1	1	0	0	478	510	
14	1	1	0	0	517	527	
15	1	1	0	0	495	530	
0	1	1	0	0	547	526	
1	1	1	0	0	480	506	
2	1	1	0	0	531	515	
3	1	1	0	0	485	507	
4	1	1	0	0	537	552	
5	1	1	0	0	479	483	
6	1	1	0	0	529	512	
7	1	1	0	0	469	502	
8	1	1	0	0	544	520	
9	1	1	0	0	483	480	
10	1	1	0	0	541	518	
11	1	1	0	0	480	507	
12	1	1	0	0	535	531	
13	1	1	0	0	483	500	
14	1	1	0	0	534	521	
15	1	1	0	0	480	499	
0	1	1	0	0	540	534	
1	1	1	0	0	486	517	
2	1	1	0	0	529	526	
3	1	1	0	0	480	478	
4	1	1	0	0	536	516	
5	1	1	0	0	476	492	
6	1	1	0	0	536	518	
7	1	1	0	0	482	489	
8	1	1	0	0	535	527	
9	1	1	0	0	486	503	
10	1	1	0	0	522	505	
11	1	1	0	0	483	498	
12	1	1	0	0	534	523	
13	1	1	0	0	479	483	
14	1	1	0	0	537	510	
15	1	1	0	0	494	494	
0	1	1	0	0	534	531	
1	1	1	0	0	472	496	
2	1	1	0	0	534	524	
3	1	1	0	0	483	494	
4	1	1	0	0	536	533	
5	1	1	0	0	486	491	
6	1	1	0	0	530	514	
7	1	1	0	0	482	528	
8	1	1	0	0	534	499	
9	1	1	0	0	481	497	
10	1	1	0	0	539	502	
11	1	1	0	0	476	509	
12	1	1	0	0	529	491	
13	1	1	0	0	479	461	
14	1	1	0	0	532	535	
15	1	1	0	0	491	476	
0	1	1	0	0	532	524	
1	1	1	0	0	481	490	
2	1	1	0	0	538	521	
3	1	1	0	0	479	491	
4	1	1	0	0	528	536	
5	1	1	0	0	487	497	
6	1	1	0	0	535	496	
7	1	1	0	0	482	500	
8	1	1	0	0	533	505	
9	1	1	0	0	480	506	
10	1	1	0	0	535	532	
11	1	1	0	0	480	508	
12	1	1	0	0	532	495	
13	1	1	0	0	480	476	
14	1	1	0	0	525	517	
15	1	1	0	0	484	487	
0	1	1	0	0	533	531	
1	1	1	0	0	475	488	
2	1	1	0	0	547	515	
3	1	1	0	0	483	491	
4	1	1	0	0	539	505	
5	1	1	0	0	479	483	
6	1	1	0	0	538	516	
7	1	1	0	0	490	487	
8	1	1	0	0	530	510	
9	1	1	0	0	479	489	
10	1	1	0	0	532	518	
11	1	1	0	0	478	507	
12	1	1	0	0	529	512	
13	1	1	0	0	476	496	
14	1	1	0	0	539	513	
15	1	1	0	0	488	504	
0	1	1	0	0	530	486	
1	1	1	0	0	487	497	
2	1	1	0	0	530	519	
3	1	1	0	0	484	509	
4	1	1	0	0	534	516	
5	1	1	0	0	485	495	
6	1	1	0	0	527	509	
7	1	1	0	0	484	515	
8	1	1	0	0	520	511	
9	1	1	0	0	496	486	
10	1	1	0	0	531	522	
11	1	1	0	0	494	491	
12	1	1	0	0	525	519	
13	1	1	0	0	486	482	
14	1	1	0	0	532	518	
15	1	1	0	0	488	492	
0	1	1	0	0	526	511	
1	1	1	0	0	487	507	
2	1	1	0	0	536	504	
3	1	1	0	0	487	492	
4	1	1	0	0	527	501	
5	1	1	0	0	484	496	
6	1	1	0	0	534	515	
7	1	1	0	0	480	492	
8	1	1	0	0	517	513	
9	1	1	0	0	478	512	
10	1	1	0	0	536	501	
11	1	1	0	0	493	487	
12	1	1	0	0	537	505	
13	1	1	0	0	484	501	
14	1	1	0	0	523	512	
15	1	1	0	0	488	489	
0	1	1	0	0	528	518	
1	1	1	0	0	494	502	
2	1	1	0	0	537	500	
3	1	1	0	0	484	514	
4	1	1	0	0	508	533	
5	1	1	0	0	499	494	
6	1	1	0	0	511	537	
7	1	1	0	0	497	519	
8	1	1	0	0	519	643	
9	1	1	0	0	454	716	
10	1	1	0	0	416	855	
11	1	1	0	0	405	700	
12	1	1	0	0	510	679	
13	1	1	0	0	506	556	
14	1	1	0	0	473	547	
15	1	1	0	0	454	528	
0	1	1	0	0	565	7	
1	1	1	0	0	516	0	
2	1	1	0	0	617	275	
3	1	1	0	0	557	675	
4	1	1	0	0	576	649	
5	1	1	0	0	551	400	
6	1	1	0	0	599	263	
7	1	1	0	0	487	412	
8	1	1	0	0	525	595	
9	1	1	0	0	466	582	
10	1	1	0	0	557	529	
11	1	1	0	0	495	499	
12	1	1	0	0	506	487	
13	1	1	0	0	483	431	
14	1	1	0	0	568	470	
15	1	1	0	0	498	488	
0	1	1	0	0	521	502	
1	1	1	0	0	472	488	
2	1	1	0	0	536	481	
3	1	1	0	0	466	528	
4	1	1	0	0	540	506	
5	1	1	0	0	494	527	
6	1	1	0	0	536	484	
7	1	1	0	0	491	509	
8	1	1	0	0	530	495	
9	1	1	0	0	503	519	
10	1	1	0	0	555	473	
11	1	1	0	0	472	498	
12	1	1	0	0	537	513	
13	1	1	0	0	491	498	
14	1	1	0	0	532	480	
15	1	1	0	0	484	508	
0	1	1	0	0	547	508	
1	1	1	0	0	482	508	
2	1	1	0	0	524	460	
3	1	1	0	0	496	495	
4	1	1	0	0	528	483	
5	1	1	0	0	485	517	
6	1	1	0	0	536	528	
7	1	1	0	0	482	504	
8	1	1	0	0	535	467	
9	1	1	0	0	495	492	
10	1	1	0	0	536	484	
11	1	1	0	0	481	500	
12	1	1	0	0	532	506	
13	1	1	0	0	481	495	
14	1	1	0	0	557	490	
15	1	1	0	0	495	500	
0	1	1	0	0	540	481	
1	1	1	0	0	475	511	
2	1	1	0	0	541	497	
3	1	1	0	0	504	515	
4	1	1	0	0	547	467	
5	1	1	0	0	492	519	
6	1	1	0	0	537	485	
7	1	1	0	0	500	482	
8	1	1	0	0	527	496	
9	1	1	0	0	491	497	
10	1	1	0	0	530	484	
11	1	1	0	0	475	506	
12	1	1	0	0	546	497	
13	1	1	0	0	494	496	
14	1	1	0	0	542	481	
15	1	1	0	0	487	509	
0	1	1	0	0	512	495	
1	1	1	0	0	489	518	
2	1	1	0	0	524	496	
3	1	1	0	0	496	512	
4	1	1	0	0	524	488	
5	1	1	0	0	512	504	
6	1	1	0	0	543	497	
7	1	1	0	0	485	503	
8	1	1	0	0	545	478	
9	1	1	0	0	487	494	
10	1	1	0	0	539	483	
11	1	1	0	0	498	492	
12	1	1	0	0	535	501	
13	1	1	0	0	492	487	
14	1	1	0	0	526	493	
15	1	1	0	0	484	510	
0	1	1	0	0	547	502	
1	1	1	0	0	482	492	
2	1	1	0	0	539	471	
3	1	1	0	0	499	512	
4	1	1	0	0	527	505	
5	1	1	0	0	480	501	
6	1	1	0	0	544	498	
7	1	1	0	0	495	510	
8	1	1	0	0	536	492	
9	1	1	0	0	497	500	
10	1	1	0	0	541	497	
11	1	1	0	0	499	482	
12	1	1	0	0	531	500	
13	1	1	0	0	487	476	
14	1	1	0	0	540	484	
15	1	1	0	0	497	488	
0	1	1	0	0	527	492	
1	1	1	0	0	499	512	
2	1	1	0	0	552	492	
3	1	1	0	0	488	496	
4	1	1	0	0	539	467	
5	1	1	0	0	511	490	
6	1	1	0	0	526	486	
7	1	1	0	0	489	492	
8	1	1	0	0	527	508	
9	1	1	0	0	501	465	
10	1	1	0	0	529	527	
11	1	1	0	0	503	479	
12	1	1	0	0	518	487	
13	1	1	0	0	503	501	
14	1	1	0	0	556	463	
15	1	1	0	0	496	470	
0	1	1	0	0	522	491	
1	1	1	0	0	489	513	
2	1	1	0	0	526	496	
3	1	1	0	0	501	514	
4	1	1	0	0	542	499	
5	1	1	0	0	486	495	
6	1	1	0	0	529	478	
7	1	1	0	0	510	483	
8	1	1	0	0	525	509	
9	1	1	0	0	488	519	
10	1	1	0	0	564	470	
11	1	1	0	0	492	496	
12	1	1	0	0	530	498	
13	1	1	0	0	509	510	
14	1	1	0	0	533	502	
15	1	1	0	0	478	464	
0	1	1	0	0	532	490	
1	1	1	0	0	515	485	
2	1	1	0	0	507	503	
3	1	1	0	0	519	423	
4	1	1	0	0	531	508	
5	1	1	0	0	485	499	
6	1	1	0	0	532	507	
7	1	1	0	0	515	527	
8	1	1	0	0	481	473	
9	1	1	0	0	514	492	
10	1	1	0	0	504	457	
11	1	1	0	0	538	484	
12	1	1	0	0	527	505	
13	1	1	0	0	495	444	
14	1	1	0	0	505	475	
15	1	1	0	0	511	506	
0	1	1	0	0	513	498	
1	1	1	0	0	509	480	
2	1	1	0	0	507	480	
3	1	1	0	0	470	531	
4	1	1	0	0	485	511	
5	1	1	0	0	511	517	
6	1	1	0	0	544	561	
7	1	1	0	0	504	493	
8	1	1	0	0	526	469	
9	1	1	0	0	504	437	
10	1	1	0	0	544	515	
11	1	1	0	0	517	539	
12	1	1	0	0	490	567	
13	1	1	0	0	498	482	
14	1	1	0	0	506	499	
15	1	1	0	0	538	434	
0	1	1	0	0	534	460	
1	1	1	0	0	502	521	
2	1	1	0	0	516	523	
3	1	1	0	0	502	476	
4	1	1	0	0	506	515	
5	1	1	0	0	502	493	
6	1	1	0	0	532	535	
7	1	1	0	0	497	547	
8	1	1	0	0	519	535	
9	1	1	0	0	512	516	
10	1	1	0	0	516	497	
11	1	1	0	0	497	496	
12	1	1	0	0	535	508	
13	1	1	0	0	498	486	
14	1	1	0	0	521	510	
15	1	1	0	0	496	503	
0	1	1	0	0	527	504	
1	1	1	0	0	513	512	
2	1	1	0	0	517	517	
3	1	1	0	0	491	499	
4	1	1	0	0	515	511	
5	1	1	0	0	504	504	
6	1	1	0	0	523	509	
7	1	1	0	0	503	500	
8	1	1	0	0	513	516	
9	1	1	0	0	512	476	
10	1	1	0	0	530	519	
11	1	1	0	0	501	504	
12	1	1	0	0	518	513	
13	1	1	0	0	504	483	
14	1	1	0	0	517	512	
15	1	1	0	0	499	497	
0	1	1	0	0	531	506	
1	1	1	0	0	497	497	
2	1	1	0	0	521	523	
3	1	1	0	0	492	496	
4	1	1	0	0	515	517	
5	1	1	0	0	503	492	
6	1	1	0	0	512	512	
7	1	1	0	0	512	492	
8	1	1	0	0	516	510	
9	1	1	0	0	499	503	
10	1	1	0	0	514	515	
11	1	1	0	0	506	498	
12	1	1	0	0	527	502	
13	1	1	0	0	509	493	
14	1	1	0	0	518	519	
15	1	1	0	0	503	506	
0	1	1	0	0	504	499	
1	1	1	0	0	508	499	
2	1	1	0	0	520	512	
3	1	1	0	0	506	491	
4	1	1	0	0	515	520	
5	1	1	0	0	491	490	
6	1	1	0	0	523	528	
7	1	1	0	0	505	480	
8	1	1	0	0	524	499	
9	1	1	0	0	495	499	
10	1	1	0	0	519	509	
11	1	1	0	0	505	498	
12	1	1	0	0	513	503	
13	1	1	0	0	508	498	
14	1	1	0	0	522	496	
15	1	1	0	0	513	490	
0	1	1	0	0	520	502	
1	1	1	0	0	508	503	
2	1	1	0	0	515	513	
3	1	1	0	0	504	494	
4	1	1	0	0	526	508	
5	1	1	0	0	515	505	
6	1	1	0	0	518	505	
7	1	1	0	0	497	491	
8	1	1	0	0	515	507	
9	1	1	0	0	526	508	
10	1	1	0	0	524	509	
11	1	1	0	0	502	493	
12	1	1	0	0	524	518	
13	1	1	0	0	507	490	
14	1	1	0	0	530	510	
15	1	1	0	0	503	496	
0	1	1	0	0	523	529	
1	1	1	0	0	496	526	
2	1	1	0	0	536	509	
3	1	1	0	0	497	529	
4	1	1	0	0	527	494	
5	1	1	0	0	504	495	
6	1	1	0	0	498	547	
7	1	1	0	0	507	545	
8	1	1	0	0	503	624	
9	1	1	0	0	484	512	
10	1	1	0	0	549	533	
11	1	1	0	0	462	581	
12	1	1	0	0	432	513	
13	1	1	0	0	496	470	
14	1	1	0	0	576	449	
15	1	1	0	0	540	410	
0	1	1	0	0	490	538	
1	1	1	0	0	501	502	
2	1	1	0	0	537	552	
3	1	1	0	0	520	411	
4	1	1	0	0	519	387	
5	1	1	0	0	551	526	
6	1	1	0	0	547	536	
7	1	1	0	0	472	596	
8	1	1	0	0	501	560	
9	1	1	0	0	505	462	
10	1	1	0	0	566	464	
11	1	1	0	0	535	365	
12	1	1	0	0	568	360	
13	1	1	0	0	551	415	
14	1	1	0	0	531	482	
15	1	1	0	0	498	522	
0	1	1	0	0	499	551	
1	1	1	0	0	521	454	
2	1	1	0	0	526	452	
3	1	1	0	0	510	454	
4	1	1	0	0	532	509	
5	1	1	0	0	498	483	
6	1	1	0	0	516	528	
7	1	1	0	0	512	491	
8	1	1	0	0	526	524	
9	1	1	0	0	509	479	
10	1	1	0	0	534	521	
11	1	1	0	0	504	486	
12	1	1	0	0	512	519	
13	1	1	0	0	524	496	
14	1	1	0	0	526	501	
15	1	1	0	0	515	475	
0	1	1	0	0	516	515	
1	1	1	0	0	512	485	
2	1	1	0	0	513	510	
3	1	1	0	0	520	487	
4	1	1	0	0	512	509	
5	1	1	0	0	515	471	
6	1	1	0	0	519	503	
7	1	1	0	0	519	477	
8	1	1	0	0	524	516	
9	1	1	0	0	508	480	
10	1	1	0	0	501	504	
11	1	1	0	0	523	481	
12	1	1	0	0	497	523	
13	1	1	0	0	515	487	
14	1	1	0	0	513	514	
15	1	1	0	0	511	488	
0	1	1	0	0	529	515	
1	1	1	0	0	515	469	
2	1	1	0	0	509	508	
3	1	1	0	0	523	494	
4	1	1	0	0	508	494	
5	1	1	0	0	519	476	
6	1	1	0	0	512	515	
7	1	1	0	0	515	482	
8	1	1	0	0	514	516	
9	1	1	0	0	512	471	
10	1	1	0	0	513	520	
11	1	1	0	0	518	453	
12	1	1	0	0	512	519	
13	1	1	0	0	524	471	
14	1	1	0	0	515	521	
15	1	1	0	0	513	476	
0	1	1	0	0	506	518	
1	1	1	0	0	525	487	
2	1	1	0	0	511	529	
3	1	1	0	0	505	467	
4	1	1	0	0	523	522	
5	1	1	0	0	515	470	
6	1	1	0	0	500	520	
7	1	1	0	0	509	487	
8	1	1	0	0	508	503	
9	1	1	0	0	515	467	
10	1	1	0	0	507	515	
11	1	1	0	0	519	483	
12	1	1	0	0	527	529	
13	1	1	0	0	526	499	
14	1	1	0	0	522	524	
15	1	1	0	0	503	439	
0	1	1	0	0	520	540	
1	1	1	0	0	515	487	
2	1	1	0	0	501	518	
3	1	1	0	0	515	461	
4	1	1	0	0	511	509	
5	1	1	0	0	516	479	
6	1	1	0	0	496	511	
7	1	1	0	0	509	482	
8	1	1	0	0	510	521	
9	1	1	0	0	529	492	
10	1	1	0	0	515	519	
11	1	1	0	0	496	484	
12	1	1	0	0	513	515	
13	1	1	0	0	519	469	
14	1	1	0	0	521	497	
15	1	1	0	0	505	487	
0	1	1	0	0	505	519	
1	1	1	0	0	517	479	
2	1	1	0	0	502	530	
3	1	1	0	0	524	495	
4	1	1	0	0	504	517	
5	1	1	0	0	531	467	
6	1	1	0	0	507	510	
7	1	1	0	0	511	466	
8	1	1	0	0	517	509	
9	1	1	0	0	504	472	
10	1	1	0	0	508	491	
11	1	1	0	0	519	466	
12	1	1	0	0	489	524	
13	1	1	0	0	514	517	
14	1	1	0	0	512	510	
15	1	1	0	0	490	444	
0	1	1	0	0	491	489	
1	1	1	0	0	527	494	
2	1	1	0	0	517	570	
3	1	1	0	0	523	489	
4	1	1	0	0	511	455	
5	1	1	0	0	516	499	
6	1	1	0	0	521	484	
7	1	1	0	0	497	534	
8	1	1	0	0	519	583	
9	1	1	0	0	525	547	
10	1	1	0	0	449	496	
11	1	1	0	0	551	482	
12	1	1	0	0	518	464	
13	1	1	0	0	514	440	
14	1	1	0	0	495	508	
15	1	1	0	0	508	514	
0	1	1	0	0	513	480	
1	1	1	0	0	520	511	
2	1	1	0	0	496	517	
3	1	1	0	0	518	500	
4	1	1	0	0	499	516	
5	1	1	0	0	514	511	
6	1	1	0	0	510	540	
7	1	1	0	0	499	492	
8	1	1	0	0	502	531	
9	1	1	0	0	523	499	
10	1	1	0	0	515	523	
11	1	1	0	0	506	507	
12	1	1	0	0	510	513	
13	1	1	0	0	525	482	
14	1	1	0	0	515	502	
15	1	1	0	0	508	502	
0	1	1	0	0	507	524	
1	1	1	0	0	514	494	
2	1	1	0	0	515	509	
3	1	1	0	0	512	489	
4	1	1	0	0	511	508	
5	1	1	0	0	514	498	
6	1	1	0	0	510	521	
7	1	1	0	0	507	500	
8	1	1	0	0	513	509	
9	1	1	0	0	518	483	
10	1	1	0	0	512	523	
11	1	1	0	0	513	497	
12	1	1	0	0	511	501	
13	1	1	0	0	512	496	
14	1	1	0	0	507	515	
15	1	1	0	0	508	495	
0	1	1	0	0	501	507	
1	1	1	0	0	514	501	
2	1	1	0	0	507	519	
3	1	1	0	0	515	486	
4	1	1	0	0	505	507	
5	1	1	0	0	519	499	
6	1	1	0	0	511	515	
7	1	1	0	0	518	497	
8	1	1	0	0	500	514	
9	1	1	0	0	526	497	
10	1	1	0	0	508	505	
11	1	1	0	0	518	500	
12	1	1	0	0	503	519	
13	1	1	0	0	517	491	
14	1	1	0	0	512	511	
15	1	1	0	0	512	500	
0	1	1	0	0	508	513	
1	1	1	0	0	515	491	
2	1	1	0	0	510	507	
3	1	1	0	0	517	510	
4	1	1	0	0	507	512	
5	1	1	0	0	519	510	
6	1	1	0	0	501	520	
7	1	1	0	0	517	494	
8	1	1	0	0	514	513	
9	1	1	0	0	508	507	
10	1	1	0	0	512	508	
11	1	1	0	0	509	503	
12	1	1	0	0	495	513	
13	1	1	0	0	525	497	
14	1	1	0	0	507	504	
15	1	1	0	0	518	500	
0	1	1	0	0	508	524	
1	1	1	0	0	511	506	
2	1	1	0	0	492	516	
3	1	1	0	0	515	514	
4	1	1	0	0	499	518	
5	1	1	0	0	511	525	
6	1	1	0	0	499	525	
7	1	1	0	0	510	509	
8	1	1	0	0	484	692	
9	1	1	0	0	459	644	
10	1	1	0	0	446	680	
11	1	1	0	0	411	748	
12	1	1	0	0	450	522	
13	1	1	0	0	560	502	
14	1	1	0	0	516	555	
15	1	1	0	0	435	437	
0	1	1	0	0	568	443	
1	1	1	0	0	594	0	
2	1	1	0	0	585	441	
3	1	1	0	0	565	366	
4	1	1	0	0	558	593	
5	1	1	0	0	541	580	
6	1	1	0	0	529	348	
7	1	1	0	0	580	323	
8	1	1	0	0	493	492	
9	1	1	0	0	508	545	
10	1	1	0	0	477	523	
11	1	1	0	0	516	510	
12	1	1	0	0	518	520	
13	1	1	0	0	533	457	
14	1	1	0	0	501	522	
15	1	1	0	0	527	486	
0	1	1	0	0	509	515	
1	1	1	0	0	528	463	
2	1	1	0	0	512	519	
3	1	1	0	0	525	495	
4	1	1	0	0	486	531	
5	1	1	0	0	529	469	
6	1	1	0	0	497	528	
7	1	1	0	0	529	502	
8	1	1	0	0	506	505	
9	1	1	0	0	525	492	
10	1	1	0	0	502	511	
11	1	1	0	0	540	467	
12	1	1	0	0	488	524	
13	1	1	0	0	540	483	
14	1	1	0	0	492	542	
15	1	1	0	0	535	490	
0	1	1	0	0	497	522	
1	1	1	0	0	516	473	
2	1	1	0	0	502	505	
3	1	1	0	0	511	472	
4	1	1	0	0	501	523	
5	1	1	0	0	546	498	
6	1	1	0	0	519	508	
7	1	1	0	0	517	491	
8	1	1	0	0	506	522	
9	1	1	0	0	531	478	
10	1	1	0	0	482	536	
11	1	1	0	0	533	487	
12	1	1	0	0	494	527	
13	1	1	0	0	531	483	
14	1	1	0	0	504	526	
15	1	1	0	0	524	473	
0	1	1	0	0	484	519	
1	1	1	0	0	523	489	
2	1	1	0	0	493	524	
3	1	1	0	0	535	476	
4	1	1	0	0	499	518	
5	1	1	0	0	529	470	
6	1	1	0	0	496	513	
7	1	1	0	0	531	494	
8	1	1	0	0	489	521	
9	1	1	0	0	528	485	
10	1	1	0	0	492	521	
11	1	1	0	0	525	488	
12	1	1	0	0	501	534	
13	1	1	0	0	540	468	
14	1	1	0	0	499	511	
15	1	1	0	0	532	470	
0	1	1	0	0	487	540	
1	1	1	0	0	532	480	
2	1	1	0	0	482	515	
3	1	1	0	0	531	476	
4	1	1	0	0	482	515	
5	1	1	0	0	534	492	
6	1	1	0	0	489	542	
7	1	1	0	0	549	479	
8	1	1	0	0	502	531	
9	1	1	0	0	522	470	
10	1	1	0	0	499	511	
11	1	1	0	0	530	480	
12	1	1	0	0	514	536	
13	1	1	0	0	527	480	
14	1	1	0	0	480	529	
15	1	1	0	0	523	496	
0	1	1	0	0	498	517	
1	1	1	0	0	526	471	
2	1	1	0	0	502	548	
3	1	1	0	0	532	480	
4	1	1	0	0	490	520	
5	1	1	0	0	540	489	
6	1	1	0	0	487	531	
7	1	1	0	0	531	479	
8	1	1	0	0	499	536	
9	1	1	0	0	537	497	
10	1	1	0	0	498	513	
11	1	1	0	0	522	485	
12	1	1	0	0	483	515	
13	1	1	0	0	558	478	
14	1	1	0	0	516	491	
15	1	1	0	0	527	496	
0	1	1	0	0	498	511	
1	1	1	0	0	523	475	
2	1	1	0	0	496	491	
3	1	1	0	0	539	482	
4	1	1	0	0	497	516	
5	1	1	0	0	539	487	
6	1	1	0	0	514	484	
7	1	1	0	0	536	465	
8	1	1	0	0	492	507	
9	1	1	0	0	538	520	
10	1	1	0	0	504	533	
11	1	1	0	0	535	477	
12	1	1	0	0	481	521	
13	1	1	0	0	524	472	
14	1	1	0	0	484	510	
15	1	1	0	0	526	488	
0	1	1	0	0	522	567	
1	1	1	0	0	504	523	
2	1	1	0	0	495	534	
3	1	1	0	0	519	480	
4	1	1	0	0	484	507	
5	1	1	0	0	543	527	
6	1	1	0	0	490	485	
7	1	1	0	0	560	499	
8	1	1	0	0	470	482	
9	1	1	0	0	520	539	
10	1	1	0	0	478	533	
11	1	1	0	0	563	530	
12	1	1	0	0	493	504	
13	1	1	0	0	504	474	
14	1	1	0	0	515	507	
15	1	1	0	0	524	522	
0	1	1	0	0	486	541	
1	1	1	0	0	547	527	
2	1	1	0	0	481	510	
3	1	1	0	0	515	507	
4	1	1	0	0	484	516	
5	1	1	0	0	528	521	
6	1	1	0	0	491	522	
7	1	1	0	0	525	516	
8	1	1	0	0	496	498	
9	1	1	0	0	528	506	
10	1	1	0	0	498	515	
11	1	1	0	0	519	511	
12	1	1	0	0	496	527	
13	1	1	0	0	522	495	
14	1	1	0	0	501	501	
15	1	1	0	0	521	511	
0	1	1	0	0	496	496	
1	1	1	0	0	527	519	
2	1	1	0	0	493	516	
3	1	1	0	0	526	505	
4	1	1	0	0	496	518	
5	1	1	0	0	522	505	
6	1	1	0	0	496	532	
7	1	1	0	0	522	498	
8	1	1	0	0	500	499	
9	1	1	0	0	524	510	
10	1	1	0	0	494	502	
11	1	1	0	0	511	495	
12	1	1	0	0	497	506	
13	1	1	0	0	524	519	
14	1	1	0	0	500	515	
15	1	1	0	0	531	518	
0	1	1	0	0	496	521	
1	1	1	0	0	524	497	
2	1	1	0	0	504	503	
3	1	1	0	0	522	504	
4	1	1	0	0	496	520	
5	1	1	0	0	521	505	
6	1	1	0	0	493	513	
7	1	1	0	0	524	500	
8	1	1	0	0	495	512	
9	1	1	0	0	521	525	
10	1	1	0	0	497	510	
11	1	1	0	0	515	502	
12	1	1	0	0	497	509	
13	1	1	0	0	518	494	
14	1	1	0	0	500	511	
15	1	1	0	0	527	507	
0	1	1	0	0	493	505	
1	1	1	0	0	525	513	
2	1	1	0	0	497	508	
3	1	1	0	0	524	525	
4	1	1	0	0	494	515	
5	1	1	0	0	523	510	
6	1	1	0	0	500	503	
7	1	1	0	0	519	517	
8	1	1	0	0	491	508	
9	1	1	0	0	522	502	
10	1	1	0	0	505	508	
11	1	1	0	0	519	508	
12	1	1	0	0	494	511	
13	1	1	0	0	527	515	
14	1	1	0	0	503	507	
15	1	1	0	0	523	513	
0	1	1	0	0	498	504	
1	1	1	0	0	521	513	
2	1	1	0	0	492	513	
3	1	1	0	0	522	495	
4	1	1	0	0	490	510	
5	1	1	0	0	530	502	
6	1	1	0	0	499	512	
7	1	1	0	0	524	519	
8	1	1	0	0	494	514	
9	1	1	0	0	526	511	
10	1	1	0	0	487	510	
11	1	1	0	0	528	527	
12	1	1	0	0	483	561	
13	1	1	0	0	518	521	
14	1	1	0	0	484	473	
15	1	1	0	0	535	502	
0	1	1	0	0	502	504	
1	1	1	0	0	496	591	
2	1	1	0	0	452	574	
3	1	1	0	0	507	533	
4	1	1	0	0	491	608	
5	1	1	0	0	488	623	
6	1	1	0	0	448	711	
7	1	1	0	0	425	671	
8	1	1	0	0	454	499	
9	1	1	0	0	551	505	
10	1	1	0	0	429	416	
11	1	1	0	0	515	457	
12	1	1	0	0	456	180	
13	1	1	0	0	622	590	
14	1	1	0	0	514	560	
15	1	1	0	0	615	431	
0	1	1	0	0	539	358	
1	1	1	0	0	577	342	
2	1	1	0	0	552	474	
3	1	1	0	0	569	484	
4	1	1	0	0	479	586	
5	1	1	0	0	528	460	
6	1	1	0	0	483	480	
7	1	1	0	0	526	469	
8	1	1	0	0	490	530	
9	1	1	0	0	517	520	
10	1	1	0	0	460	568	
11	1	1	0	0	531	517	
12	1	1	0	0	508	534	
13	1	1	0	0	551	480	
14	1	1	0	0	518	517	
15	1	1	0	0	509	518	
0	1	1	0	0	478	527	
1	1	1	0	0	561	496	
2	1	1	0	0	468	523	
3	1	1	0	0	542	482	
4	1	1	0	0	472	519	
5	1	1	0	0	552	505	
6	1	1	0	0	483	550	
7	1	1	0	0	536	495	
8	1	1	0	0	490	537	
9	1	1	0	0	531	493	
10	1	1	0	0	465	532	
11	1	1	0	0	534	504	
12	1	1	0	0	467	551	
13	1	1	0	0	550	472	
14	1	1	0	0	480	527	
15	1	1	0	0	553	505	
0	1	1	0	0	485	525	
1	1	1	0	0	535	511	
2	1	1	0	0	452	550	
3	1	1	0	0	537	487	
4	1	1	0	0	476	557	
5	1	1	0	0	530	477	
6	1	1	0	0	473	562	
7	1	1	0	0	561	468	
8	1	1	0	0	472	569	
9	1	1	0	0	558	474	
10	1	1	0	0	473	571	
11	1	1	0	0	551	432	
12	1	1	0	0	447	586	
13	1	1	0	0	536	500	
14	1	1	0	0	455	583	
15	1	1	0	0	565	417	
0	1	1	0	0	454	583	
1	1	1	0	0	563	467	
2	1	1	0	0	464	568	
3	1	1	0	0	552	439	
4	1	1	0	0	459	569	
5	1	1	0	0	547	447	
6	1	1	0	0	455	583	
7	1	1	0	0	563	460	
8	1	1	0	0	476	571	
9	1	1	0	0	547	470	
10	1	1	0	0	460	571	
11	1	1	0	0	538	464	
12	1	1	0	0	472	577	
13	1	1	0	0	567	472	
14	1	1	0	0	452	573	
15	1	1	0	0	551	460	
0	1	1	0	0	460	586	
1	1	1	0	0	563	459	
2	1	1	0	0	465	571	
3	1	1	0	0	550	450	
4	1	1	0	0	467	594	
5	1	1	0	0	563	462	
6	1	1	0	0	467	593	
7	1	1	0	0	552	451	
8	1	1	0	0	467	604	
9	1	1	0	0	567	453	
10	1	1	0	0	454	572	
11	1	1	0	0	568	462	
12	1	1	0	0	484	562	
13	1	1	0	0	544	463	
14	1	1	0	0	455	549	
15	1	1	0	0	596	460	
0	1	1	0	0	480	538	
1	1	1	0	0	549	469	
2	1	1	0	0	449	575	
3	1	1	0	0	527	480	
4	1	1	0	0	470	580	
5	1	1	0	0	534	494	
6	1	1	0	0	481	521	
7	1	1	0	0	522	488	
8	1	1	0	0	512	555	
9	1	1	0	0	565	451	
10	1	1	0	0	449	572	
11	1	1	0	0	548	489	
12	1	1	0	0	490	530	
13	1	1	0	0	540	470	
14	1	1	0	0	453	542	
15	1	1	0	0	553	506	
0	1	1	0	0	505	515	
1	1	1	0	0	506	443	
2	1	1	0	0	479	541	
3	1	1	0	0	529	485	
4	1	1	0	0	489	547	
5	1	1	0	0	541	487	
6	1	1	0	0	475	584	
7	1	1	0	0	531	478	
8	1	1	0	0	485	578	
9	1	1	0	0	522	514	
10	1	1	0	0	466	507	
11	1	1	0	0	527	443	
12	1	1	0	0	461	564	
13	1	1	0	0	559	476	
14	1	1	0	0	502	521	
15	1	1	0	0	547	481	
0	1	1	0	0	476	540	
1	1	1	0	0	539	576	
2	1	1	0	0	486	359	
3	1	1	0	0	536	544	
4	1	1	0	0	492	523	
5	1	1	0	0	541	499	
6	1	1	0	0	496	499	
7	1	1	0	0	533	482	
8	1	1	0	0	460	555	
9	1	1	0	0	531	497	
10	1	1	0	0	487	523	
11	1	1	0	0	526	530	
12	1	1	0	0	462	523	
13	1	1	0	0	545	498	
14	1	1	0	0	498	517	
15	1	1	0	0	528	527	
0	1	1	0	0	489	525	
1	1	1	0	0	524	503	
2	1	1	0	0	492	527	
3	1	1	0	0	508	508	
4	1	1	0	0	510	511	
5	1	1	0	0	531	511	
6	1	1	0	0	491	525	
7	1	1	0	0	511	522	
8	1	1	0	0	493	530	
9	1	1	0	0	530	532	
10	1	1	0	0	489	520	
11	1	1	0	0	532	514	
12	1	1	0	0	496	507	
13	1	1	0	0	534	501	
14	1	1	0	0	495	513	
15	1	1	0	0	523	518	
0	1	1	0	0	488	516	
1	1	1	0	0	532	505	
2	1	1	0	0	496	521	
3	1	1	0	0	523	520	
4	1	1	0	0	484	491	
5	1	1	0	0	537	514	
6	1	1	0	0	499	519	
7	1	1	0	0	528	489	
8	1	1	0	0	490	505	
9	1	1	0	0	521	536	
10	1	1	0	0	495	533	
11	1	1	0	0	521	512	
12	1	1	0	0	505	499	
13	1	1	0	0	516	516	
14	1	1	0	0	502	489	
15	1	1	0	0	531	513	
0	1	1	0	0	498	514	
1	1	1	0	0	524	499	
2	1	1	0	0	491	509	
3	1	1	0	0	523	523	
4	1	1	0	0	496	506	
5	1	1	0	0	528	537	
6	1	1	0	0	494	470	
7	1	1	0	0	530	510	
8	1	1	0	0	492	500	
9	1	1	0	0	509	527	
10	1	1	0	0	499	497	
11	1	1	0	0	515	519	
12	1	1	0	0	498	505	
13	1	1	0	0	531	523	
14	1	1	0	0	502	502	
15	1	1	0	0	518	509	
0	1	1	0	0	499	499	
1	1	1	0	0	521	513	
2	1	1	0	0	489	507	
3	1	1	0	0	524	517	
4	1	1	0	0	494	499	
5	1	1	0	0	529	514	
6	1	1	0	0	489	507	
7	1	1	0	0	520	502	
8	1	1	0	0	481	510	
9	1	1	0	0	529	524	
10	1	1	0	0	503	496	
11	1	1	0	0	516	515	
12	1	1	0	0	492	514	
13	1	1	0	0	529	504	
14	1	1	0	0	504	497	
15	1	1	0	0	517	507	
0	1	1	0	0	486	522	
1	1	1	0	0	528	510	
2	1	1	0	0	503	532	
3	1	1	0	0	515	517	
4	1	1	0	0	501	469	
5	1	1	0	0	524	516	
6	1	1	0	0	500	508	
7	1	1	0	0	529	504	
8	1	1	0	0	500	509	
9	1	1	0	0	507	540	
10	1	1	0	0	483	507	
11	1	1	0	0	514	494	
12	1	1	0	0	503	487	
13	1	1	0	0	527	516	
14	1	1	0	0	494	509	
15	1	1	0	0	521	518	
0	1	1	0	0	488	553	
1	1	1	0	0	497	558	
2	1	1	0	0	507	527	
3	1	1	0	0	540	510	
4	1	1	0	0	490	474	
5	1	1	0	0	530	478	
6	1	1	0	0	493	522	
7	1	1	0	0	517	534	
8	1	1	0	0	497	523	
9	1	1	0	0	521	568	
10	1	1	0	0	476	581	
11	1	1	0	0	497	682	
12	1	1	0	0	414	647	
13	1	1	0	0	423	591	
14	1	1	0	0	306	572	
15	1	1	0	0	459	521	
0	1	1	0	0	501	562	
1	1	1	0	0	659	417	
2	1	1	0	0	574	433	
3	1	1	0	0	588	248	
4	1	1	0	0	527	372	
5	1	1	0	0	591	444	
6	1	1	0	0	487	546	
7	1	1	0	0	610	459	
8	1	1	0	0	538	513	
9	1	1	0	0	531	465	
10	1	1	0	0	478	444	
11	1	1	0	0	549	515	
12	1	1	0	0	532	556	
13	1	1	0	0	513	506	
14	1	1	0	0	475	505	
15	1	1	0	0	505	498	
0	1	1	0	0	468	553	
1	1	1	0	0	543	487	
2	1	1	0	0	491	537	
3	1	1	0	0	516	508	
4	1	1	0	0	488	524	
5	1	1	0	0	537	497	
6	1	1	0	0	482	498	
7	1	1	0	0	531	514	
8	1	1	0	0	487	533	
9	1	1	0	0	541	496	
10	1	1	0	0	482	536	
11	1	1	0	0	527	505	
12	1	1	0	0	477	518	
13	1	1	0	0	522	512	
14	1	1	0	0	484	520	
15	1	1	0	0	526	506	
0	1	1	0	0	479	511	
1	1	1	0	0	539	520	
2	1	1	0	0	479	535	
3	1	1	0	0	519	492	
4	1	1	0	0	487	536	
5	1	1	0	0	548	490	
6	1	1	0	0	482	529	
7	1	1	0	0	541	491	
8	1	1	0	0	465	521	
9	1	1	0	0	545	492	
10	1	1	0	0	490	540	
11	1	1	0	0	529	495	
12	1	1	0	0	475	517	
13	1	1	0	0	521	525	
14	1	1	0	0	490	506	
15	1	1	0	0	540	499	
0	1	1	0	0	478	520	
1	1	1	0	0	531	529	
2	1	1	0	0	471	515	
3	1	1	0	0	539	502	
4	1	1	0	0	476	520	
5	1	1	0	0	529	493	
6	1	1	0	0	470	514	
7	1	1	0	0	532	521	
8	1	1	0	0	489	531	
9	1	1	0	0	532	520	
10	1	1	0	0	496	527	
11	1	1	0	0	538	487	
12	1	1	0	0	491	507	
13	1	1	0	0	519	504	
14	1	1	0	0	478	536	
15	1	1	0	0	525	509	
0	1	1	0	0	478	530	
1	1	1	0	0	551	506	
2	1	1	0	0	472	513	
3	1	1	0	0	537	523	
4	1	1	0	0	478	519	
5	1	1	0	0	527	521	
6	1	1	0	0	476	515	
7	1	1	0	0	523	515	
8	1	1	0	0	484	514	
9	1	1	0	0	535	529	
10	1	1	0	0	475	534	
11	1	1	0	0	535	497	
12	1	1	0	0	476	519	
13	1	1	0	0	534	482	
14	1	1	0	0	477	547	
15	1	1	0	0	535	508	
0	1	1	0	0	486	519	
1	1	1	0	0	543	515	
2	1	1	0	0	490	520	
3	1	1	0	0	540	494	
4	1	1	0	0	469	519	
5	1	1	0	0	542	497	
6	1	1	0	0	476	526	
7	1	1	0	0	542	495	
8	1	1	0	0	479	520	
9	1	1	0	0	554	506	
10	1	1	0	0	484	519	
11	1	1	0	0	528	506	
12	1	1	0	0	476	521	
13	1	1	0	0	534	504	
14	1	1	0	0	466	514	
15	1	1	0	0	531	492	
0	1	1	0	0	497	528	
1	1	1	0	0	533	506	
2	1	1	0	0	479	505	
3	1	1	0	0	523	496	
4	1	1	0	0	483	506	
5	1	1	0	0	532	514	
6	1	1	0	0	480	510	
7	1	1	0	0	524	493	
8	1	1	0	0	491	510	
9	1	1	0	0	543	504	
10	1	1	0	0	468	517	
11	1	1	0	0	545	509	
12	1	1	0	0	485	504	
13	1	1	0	0	515	512	
14	1	1	0	0	476	509	
15	1	1	0	0	546	511	
0	1	1	0	0	481	506	
1	1	1	0	0	545	508	
2	1	1	0	0	489	515	
3	1	1	0	0	541	506	
4	1	1	0	0	486	522	
5	1	1	0	0	553	494	
6	1	1	0	0	485	521	
7	1	1	0	0	531	522	
8	1	1	0	0	506	506	
9	1	1	0	0	528	494	
10	1	1	0	0	510	508	
11	1	1	0	0	517	506	
12	1	1	0	0	474	510	
13	1	1	0	0	516	517	
14	1	1	0	0	487	515	
15	1	1	0	0	494	516	
0	1	1	0	0	463	523	
1	1	1	0	0	543	510	
2	1	1	0	0	468	508	
3	1	1	0	0	568	539	
4	1	1	0	0	455	535	
5	1	1	0	0	547	525	
6	1	1	0	0	500	432	
7	1	1	0	0	536	536	
8	1	1	0	0	485	536	
9	1	1	0	0	528	499	
10	1	1	0	0	483	486	
11	1	1	0	0	505	482	
12	1	1	0	0	516	508	
13	1	1	0	0	527	536	
14	1	1	0	0	475	478	
15	1	1	0	0	537	539	
0	1	1	0	0	467	487	
1	1	1	0	0	528	511	
2	1	1	0	0	488	498	
3	1	1	0	0	519	535	
4	1	1	0	0	509	532	
5	1	1	0	0	510	544	
6	1	1	0	0	484	495	
7	1	1	0	0	526	526	
8	1	1	0	0	473	484	
9	1	1	0	0	525	504	
10	1	1	0	0	489	501	
11	1	1	0	0	536	508	
12	1	1	0	0	484	504	
13	1	1	0	0	537	492	
14	1	1	0	0	494	511	
15	1	1	0	0	529	514	
0	1	1	0	0	478	494	
1	1	1	0	0	521	519	
2	1	1	0	0	487	472	
3	1	1	0	0	533	526	
4	1	1	0	0	488	511	
5	1	1	0	0	529	537	
6	1	1	0	0	486	523	
7	1	1	0	0	527	536	
8	1	1	0	0	491	492	
9	1	1	0	0	529	514	
10	1	1	0	0	487	510	
11	1	1	0	0	530	517	
12	1	1	0	0	483	495	
13	1	1	0	0	531	524	
14	1	1	0	0	486	502	
15	1	1	0	0	525	518	
0	1	1	0	0	482	494	
1	1	1	0	0	533	519	
2	1	1	0	0	490	494	
3	1	1	0	0	535	512	
4	1	1	0	0	488	516	
5	1	1	0	0	532	515	
6	1	1	0	0	488	499	
7	1	1	0	0	531	529	
8	1	1	0	0	496	501	
9	1	1	0	0	529	525	
10	1	1	0	0	483	495	
11	1	1	0	0	530	510	
12	1	1	0	0	499	492	
13	1	1	0	0	532	512	
14	1	1	0	0	484	518	
15	1	1	0	0	524	522	
0	1	1	0	0	487	489	
1	1	1	0	0	527	519	
2	1	1	0	0	482	502	
3	1	1	0	0	527	535	
4	1	1	0	0	490	492	
5	1	1	0	0	530	526	
6	1	1	0	0	482	504	
7	1	1	0	0	526	518	
8	1	1	0	0	488	500	
9	1	1	0	0	526	512	
10	1	1	0	0	493	504	
11	1	1	0	0	528	522	
12	1	1	0	0	485	496	
13	1	1	0	0	531	506	
14	1	1	0	0	482	511	
15	1	1	0	0	531	527	
0	1	1	0	0	484	508	
1	1	1	0	0	536	524	
2	1	1	0	0	488	496	
3	1	1	0	0	523	523	
4	1	1	0	0	488	496	
5	1	1	0	0	525	522	
6	1	1	0	0	488	496	
7	1	1	0	0	525	521	
8	1	1	0	0	490	491	
9	1	1	0	0	534	531	
10	1	1	0	0	490	492	
11	1	1	0	0	531	529	
12	1	1	0	0	491	499	
13	1	1	0	0	527	515	
14	1	1	0	0	491	494	
15	1	1	0	0	532	527	
0	1	1	0	0	489	495	
1	1	1	0	0	528	525	
2	1	1	0	0	481	504	
3	1	1	0	0	534	511	
4	1	1	0	0	480	504	
5	1	1	0	0	521	533	
6	1	1	0	0	487	496	
7	1	1	0	0	535	529	
8	1	1	0	0	487	489	
9	1	1	0	0	527	525	
10	1	1	0	0	487	505	
11	1	1	0	0	531	518	
12	1	1	0	0	491	498	
13	1	1	0	0	530	510	
14	1	1	0	0	487	495	
15	1	1	0	0	533	513	
0	1	1	0	0	484	510	
1	1	1	0	0	531	527	
2	1	1	0	0	484	503	
3	1	1	0	0	528	527	
4	1	1	0	0	476	494	
5	1	1	0	0	532	525	
6	1	1	0	0	490	493	
7	1	1	0	0	529	520	
8	1	1	0	0	487	504	
9	1	1	0	0	532	515	
10	1	1	0	0	489	510	
11	1	1	0	0	531	526	
12	1	1	0	0	494	499	
13	1	1	0	0	526	521	
14	1	1	0	0	484	495	
15	1	1	0	0	534	522	
0	1	1	0	0	481	498	
1	1	1	0	0	534	520	
2	1	1	0	0	480	500	
3	1	1	0	0	532	527	
4	1	1	0	0	479	498	
